2451313.7055628849 -6.122572490896316E-01 -7.519016709770489E-01 -3.244883998942449E-01 -6.028671671072230E-01 -7.507899003785208E-01 -3.252367991383453E-01 -8.080827319810411E-03 -9.115007086252637E-04 -1.546834266917263E-04 9.851808714941452E-01 6.641309532595692E-02 2.331353472095635E+01 3.599004821346221E+02 1.054612308076490E+02 1.216518111260412E+02 1.278472827978020E+02 1.008605423141106E+00 186.748549267 4.526518396 186.744312710 4.540459459 16.468 130.1031 49.4882 49.4919
2451313.7172928853 -6.121070039147042E-01 -7.520171051772676E-01 -3.245380335933171E-01 -6.027061927000624E-01 -7.509021138314811E-01 -3.252843952043447E-01 -8.080795270168376E-03 -9.115939514074318E-04 -1.547242084421921E-04 9.851875338617025E-01 6.640364542345277E-02 2.331356217601383E+01 3.599005752523082E+02 1.054632187924374E+02 1.216623117780993E+02 1.278561680329715E+02 1.008595192060539E+00 186.760272073 4.509010536 186.757307039 4.523165239 16.471 130.1106 49.4803 49.4840
2451313.7291928851 -6.119545560091493E-01 -7.521341824573069E-01 -3.245883739001846E-01 -6.025426802186252E-01 -7.510158432287221E-01 -3.253326678901544E-01 -8.080762754575017E-03 -9.116885451236408E-04 -1.547655810935777E-04 9.851942701090417E-01 6.639407925830872E-02 2.331358993727885E+01 3.599006694460109E+02 1.054652216948374E+02 1.216729776497265E+02 1.278651959952897E+02 1.008584847702165E+00 186.772491567 4.491198064 186.770871176 4.505639310 16.473 130.1184 49.4720 49.4757
2451313.7409028853 -6.118045173076353E-01 -7.522493610608375E-01 -3.246378979472344E-01 -6.023815830899603E-01 -7.511276353169882E-01 -3.253801568793264E-01 -8.080730756697331E-03 -9.117816281211464E-04 -1.548062930387352E-04 9.852008765861927E-01 6.638468611803597E-02 2.331361716550190E+01 3.599007618678474E+02 1.054671790079968E+02 1.216834859947056E+02 1.278740934840905E+02 1.008574702794046E+00 186.784917729 4.473623386 186.784692144 4.488423319 16.475 130.1266 49.4635 49.4672
2451313.7526228852 -6.116543258258246E-01 -7.523646088367820E-01 -3.246874518591217E-01 -6.022201615878180E-01 -7.512393898358007E-01 -3.254276735496954E-01 -8.080698730065127E-03 -9.118747902072591E-04 -1.548470396147715E-04 9.852074667161699E-01 6.637530505095431E-02 2.331364432814074E+01 3.599008541034598E+02 1.054691245242387E+02 1.216940159469708E+02 1.278830120979060E+02 1.008564583158093E+00 186.797830720 4.455991208 186.799093551 4.471237228 16.478 130.1351 49.4545 49.4582
2451315.6974028847 -5.863975137409698E-01 -7.710812973954466E-01 -3.327365570890833E-01 -5.753658243748867E-01 -7.689981394917316E-01 -3.331337023672891E-01 -8.075364502556691E-03 -9.273282724408608E-04 -1.616065220557137E-04 9.860467773124774E-01 6.505958933007078E-02 2.331714675641870E+01 3.599131160982079E+02 1.056376553060186E+02 1.235850481142253E+02 1.295174296891392E+02 1.007277141015429E+00 190.689602066 2.027214264 190.683124368 2.041259721 16.761 132.8570 46.6800 46.6839
2451315.7108128848 -5.862210975651198E-01 -7.712075276138548E-01 -3.327908498981272E-01 -5.751775479335449E-01 -7.691207007271841E-01 -3.331855827736731E-01 -8.075327584090563E-03 -9.274347917890940E-04 -1.616531182685817E-04 9.860511033374066E-01 6.505195604182469E-02 2.331716527025183E+01 3.599131832992664E+02 1.056379405969020E+02 1.235988979639820E+02 1.295295741419723E+02 1.007270512300301E+00 190.696762715 2.012709963 190.691702238 2.026855552 16.764 132.8573 46.6792 46.6831
2451315.7242928846 -5.860437299342283E-01 -7.713343774604681E-01 -3.328454092976769E-01 -5.749880147711837E-01 -7.692437756136898E-01 -3.332377165862482E-01 -8.075290471019509E-03 -9.275418666364853E-04 -1.616999575326176E-04 9.860554351729613E-01 6.504430010606746E-02 2.331718381777899E+01 3.599132506538164E+02 1.056382174586342E+02 1.236128291992912E+02 1.295417918336400E+02 1.007263874754474E+00 190.704149091 1.998113439 190.700548604 2.012437392 16.766 132.8578 46.6782 46.6821
2451319.7203328838 -5.321678332930223E-01 -8.071806145310456E-01 -3.482654382475765E-01 -5.178835865896210E-01 -8.030899762359173E-01 -3.479121380175569E-01 -8.064204954142909E-03 -9.592598246700118E-04 -1.755770346968439E-04 9.867909161271697E-01 6.337381566161876E-02 2.332071247318825E+01 3.599268598347470E+02 1.054060876953377E+02 1.280266999510198E+02 1.334724410001189E+02 1.006137974635593E+00 195.976370822 -1.360809117 195.973747289 -1.344522521 17.306 135.2774 44.1367 44.1408
2451319.7303128839 -5.320301757315549E-01 -8.072657049541342E-01 -3.483020446765513E-01 -5.177367691936997E-01 -8.031718292042264E-01 -3.479468189154248E-01 -8.064177059675893E-03 -9.593389803214437E-04 -1.756116719576651E-04 9.867917411516862E-01 6.337082803450569E-02 2.332071784286306E+01 3.599268823050576E+02 1.054049550845041E+02 1.280382147120094E+02 1.334827932361497E+02 1.006136712836946E+00 195.978647086 -1.367336977 195.977202816 -1.350820169 17.308 135.2728 44.1409 44.1449
2451319.7403528839 -5.318916756067780E-01 -8.073512844109135E-01 -3.483388614955626E-01 -5.175889379607078E-01 -8.032540711890024E-01 -3.479816982787310E-01 -8.064148996457830E-03 -9.594186115606373E-04 -1.756465173551470E-04 9.867925673792651E-01 6.336782719739656E-02 2.332072323284687E+01 3.599269048685800E+02 1.054038137498290E+02 1.280498003620383E+02 1.334932095246201E+02 1.006135449200970E+00 195.981109014 -1.373884428 195.980902520 -1.357076153 17.309 135.2683 44.1449 44.1490
2451319.7503528837 -5.317537123653669E-01 -8.074365004452730E-01 -3.483755219725964E-01 -5.174415701837893E-01 -8.033358755650529E-01 -3.480164286719971E-01 -8.064121044000399E-03 -9.594979252449319E-04 -1.756812238224154E-04 9.867933865766211E-01 6.336484304647812E-02 2.332072858944716E+01 3.599269273005393E+02 1.054026750582918E+02 1.280613415064228E+02 1.335035861179432E+02 1.006134196319658E+00 195.983764286 -1.380386345 195.984855971 -1.363221312 17.311 135.2640 44.1488 44.1528
2451817.0914628515 9.651371138845845E-01 1.392987030475720E-01 6.070252487751056E-02 9.893088016307025E-01 1.035592577537006E-01 4.507928520796705E-02 -5.365719139457343E-03 -4.198389392899510E-03 -1.633828360883698E-03 9.653095712866802E-01 7.177868024748829E-02 2.333417937751998E+01 3.599157007845660E+02 1.127916872622658E+02 2.643186679156465E+02 2.562328140586910E+02 1.039908999776158E+00 124.073618237 19.905015121 124.052343309 19.907992192 22.303 64.9420 112.6346 112.6369
2451817.0973828514 9.651140509378293E-01 1.393903820998691E-01 6.074205828659211E-02 9.892938455080985E-01 1.036523050102850E-01 4.511937048422439E-02 -5.365674741235882E-03 -4.198416189873170E-03 -1.633840997392288E-03 9.653084041416228E-01 7.177745713186168E-02 2.333418033918592E+01 3.599157011702985E+02 1.127927602131338E+02 2.643235824875576E+02 2.562377347985242E+02 1.039910885792603E+00 124.083553088 19.902917965 124.063942046 19.905424311 22.303 64.9383 112.6383 112.6405
2451818.1036828514 9.610399179347860E-01 1.549504842079806E-01 6.745173838279561E-02 9.868337089288721E-01 1.193522570303529E-01 5.192571033689085E-02 -5.358124384038930E-03 -4.202966901485470E-03 -1.635987241388776E-03 9.651120518524000E-01 7.156598357144042E-02 2.333434431810447E+01 3.599157707535976E+02 1.129725383628102E+02 2.651615778139926E+02 2.570780292286438E+02 1.040228257129701E+00 125.928349697 19.451712095 125.909708881 19.454060715 22.385 64.1334 113.4180 113.4203
2451818.1049828515 9.610344569544739E-01 1.549705540040341E-01 6.746039259533589E-02 9.868300292599738E-01 1.193726192691601E-01 5.193449311821598E-02 -5.358114625635824E-03 -4.202972774811633E-03 -1.635990011787642E-03 9.651118008342862E-01 7.156570583602345E-02 2.333434453056644E+01 3.599157708486722E+02 1.129727672148121E+02 2.651626637791794E+02 2.570791197746769E+02 1.040228662962712E+00 125.930453365 19.451232233 125.912141593 19.453491107 22.385 64.1327 113.4187 113.4210
2451818.1090628514 9.610173145585428E-01 1.550335417594058E-01 6.748755327942607E-02 9.868184721356699E-01 1.194365083459398E-01 5.196205737247077E-02 -5.358083999178646E-03 -4.202991207933065E-03 -1.635998706543235E-03 9.651110130682052E-01 7.156483409884029E-02 2.333434519737997E+01 3.599157711471474E+02 1.129734854002464E+02 2.651660720963306E+02 2.570825424956682E+02 1.040229936583591E+00 125.937036927 19.449721880 125.919721771 19.451712753 22.385 64.1303 113.4210 113.4233
2451818.1109428513 9.610094139212453E-01 1.550625652442302E-01 6.750006837297873E-02 9.868131425240187E-01 1.194659386822860E-01 5.197475845635824E-02 -5.358069886952023E-03 -4.202999701577443E-03 -1.636002712930387E-03 9.651106501006871E-01 7.156443237756364E-02 2.333434550464222E+01 3.599157712847245E+02 1.129738162993717E+02 2.651676426247679E+02 2.570841196749677E+02 1.040230523412232E+00 125.940061075 19.449023682 125.923187799 19.450897653 22.385 64.1292 113.4220 113.4243
2451818.1136228517 9.609981494655960E-01 1.551039388433975E-01 6.751790890596464E-02 9.868055405034940E-01 1.195078829801670E-01 5.199286415892661E-02 -5.358049769480875E-03 -4.203011809487070E-03 -1.636008424142327E-03 9.651101327035858E-01 7.156385966899007E-02 2.333434594265993E+01 3.599157714808937E+02 1.129742879746124E+02 2.651698814957200E+02 2.570863680419884E+02 1.040231359916240E+00 125.944361926 19.448025866 125.928100928 19.449739914 22.385 64.1277 113.4235 113.4258
2451818.1149228513 9.609926845823190E-01 1.551240079994188E-01 6.752656284063854E-02 9.868018511041754E-01 1.195282250245205E-01 5.200164673522140E-02 -5.358040010987489E-03 -4.203017682705558E-03 -1.636011194497778E-03 9.651098817379757E-01 7.156358184494463E-02 2.333434615513346E+01 3.599157715760709E+02 1.129745167586106E+02 2.651709675283490E+02 2.570874586872893E+02 1.040231765666382E+00 125.946443894 19.447540772 125.930472773 19.449179968 22.385 64.1270 113.4242 113.4265
2451818.1177428514 9.609808282365133E-01 1.551675423358241E-01 6.754533509423774E-02 9.867938439161732E-01 1.195723424300354E-01 5.202069807487178E-02 -5.358018842525921E-03 -4.203030423021527E-03 -1.636017204017658E-03 9.651093373590646E-01 7.156297914042366E-02 2.333434661604291E+01 3.599157717825784E+02 1.129750130134967E+02 2.651733234149176E+02 2.570898245941193E+02 1.040232645795131E+00 125.950950695 19.446486026 125.935593217 19.447968670 22.386 64.1254 113.4257 113.4280
2451818.1196528515 9.609727965106636E-01 1.551970281326884E-01 6.755804953698319E-02 9.867884175624617E-01 1.196022162085630E-01 5.203360156942345E-02 -5.358004504990924E-03 -4.203039052062735E-03 -1.636021274279938E-03 9.651089686668357E-01 7.156257089463453E-02 2.333434692822324E+01 3.599157719224829E+02 1.129753491056566E+02 2.651749190923663E+02 2.570914270694674E+02 1.040233241881804E+00 125.953995886 19.445769698 125.939042779 19.447150637 22.386 64.1243 113.4267 113.4291
2451819.0963628516 9.567214064915224E-01 1.702503383673725E-01 7.404905264666742E-02 9.841187026976063E-01 1.348013925472555E-01 5.862396818351491E-02 -5.350669555708066E-03 -4.207447591581507E-03 -1.638101026894746E-03 9.649223803660733E-01 7.135055815502601E-02 2.333450697182067E+01 3.599158472722289E+02 1.131446705412467E+02 2.659934368286432E+02 2.579145998460558E+02 1.040534983358266E+00 127.701275081 18.997748869 127.679972578 19.000960440 22.465 63.3758 114.1488 114.1512
2451819.0991228516 9.567089850496856E-01 1.702928040364272E-01 7.406736369032181E-02 9.841100920069725E-01 1.348445298818378E-01 5.864256769705985E-02 -5.350648819405184E-03 -4.207460037792772E-03 -1.638106899238551E-03 9.649218586403426E-01 7.134994994524205E-02 2.333450742515086E+01 3.599158474959529E+02 1.131451417246172E+02 2.659957570866189E+02 2.579169365969940E+02 1.040535827272117E+00 127.705656304 18.996710834 127.685147926 18.999695776 22.465 63.3743 114.1503 114.1527
2451819.1157128513 9.566342729742237E-01 1.705480507931827E-01 7.417742514968070E-02 9.840582092028760E-01 1.351035724758799E-01 5.875436402385535E-02 -5.350524175112083E-03 -4.207534848977881E-03 -1.638142196578451E-03 9.649187232759502E-01 7.134629300578678E-02 2.333451015017899E+01 3.599158488420148E+02 1.131479730701284E+02 2.660097047294165E+02 2.579309837738536E+02 1.040540898883155E+00 127.731717401 18.990412935 127.715383607 18.992261212 22.466 63.3653 114.1589 114.1613
2451819.1184828514 9.566217903569159E-01 1.705906673716888E-01 7.419580125710694E-02 9.840495274422678E-01 1.351467819399021E-01 5.877302995111188E-02 -5.350503363315346E-03 -4.207547339828075E-03 -1.638148090014561E-03 9.649181998806252E-01 7.134568223498711E-02 2.333451060519161E+01 3.599158490669790E+02 1.131484456680042E+02 2.660120336866112E+02 2.579333294163841E+02 1.040541745505671E+00 127.736024503 18.989351012 127.720304684 18.991041040 22.466 63.3638 114.1603 114.1628
2451820.0980228516 9.520625862694705E-01 1.856336253212852E-01 8.068219741836559E-02 9.810845126608748E-01 1.503488516542817E-01 6.536465103193649E-02 -5.343140550127228E-03 -4.211960312558060E-03 -1.640230497541538E-03 9.647351043726342E-01 7.112652554829939E-02 2.333467184200373E+01 3.599159324846515E+02 1.133129088570444E+02 2.668382669519783E+02 2.587666547283818E+02 1.040837983651064E+00 129.439594574 18.534384027 129.418126214 18.537765742 22.545 62.6522 114.8436 114.8461
2451820.1019028514 9.520439521299622E-01 1.856930996827905E-01 8.070784197991052E-02 9.810712609453531E-01 1.504092915280883E-01 6.539072338906859E-02 -5.343111372793478E-03 -4.211977776270038E-03 -1.640238739477570E-03 9.647343870492155E-01 7.112564500685810E-02 2.333467248189416E+01 3.599159328304344E+02 1.133135496331256E+02 2.668415503593778E+02 2.587699709597628E+02 1.040839144516080E+00 129.445576770 18.532891113 129.425225837 18.535953676 22.545 62.6502 114.8455 114.8480
2451821.1041028514 9.470789907422051E-01 2.010241385697340E-01 8.731830991160644E-02 9.777410873912382E-01 1.659177516561156E-01 7.211460932617884E-02 -5.335571475138426E-03 -4.216484330879768E-03 -1.642365885155056E-03 9.645512151239150E-01 7.089498209697870E-02 2.333483803737839E+01 3.599160262220483E+02 1.134761758523641E+02 2.676925352983245E+02 2.596306880717030E+02 1.041135647529338E+00 131.136285030 18.064737719 131.115976787 18.067916821 22.624 61.9654 115.4995 115.5020
2451821.1079728515 9.470592327332230E-01 2.010832159530506E-01 8.734378272846476E-02 9.777267200055255E-01 1.659777915916356E-01 7.214053154152110E-02 -5.335542346550829E-03 -4.216501716328831E-03 -1.642374092424084E-03 9.645505159930581E-01 7.089407909799737E-02 2.333483867762402E+01 3.599160265984496E+02 1.134767925627439E+02 2.676958326479773E+02 2.596340278499619E+02 1.041136779492118E+00 131.142053875 18.063215962 131.122797006 18.066100263 22.625 61.9636 115.5013 115.5038
