2454588.8197774612 -7.607436223486151E-01 -6.227631576578223E-01 -2.705812906011904E-01 -7.478074948617418E-01 -6.162374360688858E-01 -2.671862939848382E-01 -6.332847030439955E-04 4.569775579942783E-03 1.919108939036014E-03 2.125391569671097E+00 5.368514068821866E-01 2.413710203870643E+01 1.410925593846917E+00 1.947274727989029E+02 6.699531716301568E+00 2.573231758452657E+01 3.183001364998674E-01 206.762364957 -13.184876339 206.888078978 -13.212012936 16.958 167.2486 12.5661 12.5716
2454588.8258724613 -7.606741908331095E-01 -6.228611188472222E-01 -2.706259396675633E-01 -7.477378580996954E-01 -6.163101138687588E-01 -2.672173866784595E-01 -6.333237748251503E-04 4.569771863966350E-03 1.919108078107511E-03 2.125389289944142E+00 5.368508050378178E-01 2.413710063490101E+01 1.410922665629822E+00 1.947275486423353E+02 6.701466047798583E+00 2.573935515616096E+01 3.183006486208227E-01 206.851192910 -13.225478437 206.977833835 -13.252349400 16.957 167.3357 12.4801 12.4856
2454588.8320134613 -7.606042272737255E-01 -6.229598127728992E-01 -2.706709228385062E-01 -7.476676508177029E-01 -6.163832942623619E-01 -2.672487111409420E-01 -6.333631414256245E-04 4.569768119612727E-03 1.919107210537863E-03 2.125386966065051E+00 5.368501933170239E-01 2.413709922010013E+01 1.410919713732053E+00 1.947276245249881E+02 6.703415256843004E+00 2.574644609560566E+01 3.183011706615870E-01 206.940619885 -13.266232044 207.068226977 -13.292804521 16.956 167.4233 12.3936 12.3991
2454588.8381404616 -7.605344151795558E-01 -6.230582751057523E-01 -2.707158005887176E-01 -7.475975601549384E-01 -6.164562605002800E-01 -2.672799612962705E-01 -6.334024182184223E-04 4.569764383463061E-03 1.919106344802428E-03 2.125384620676911E+00 5.368495776879262E-01 2.413709780815352E+01 1.410916767043857E+00 1.947276997013710E+02 6.705360300405643E+00 2.575352112348250E+01 3.183016975356333E-01 207.029778068 -13.306738173 207.158386429 -13.332979430 16.955 167.5105 12.3074 12.3129
2454589.8311194615 -7.491153085265013E-01 -6.389281896315594E-01 -2.779508686857390E-01 -7.363046456221771E-01 -6.280468632593725E-01 -2.723055198581099E-01 -6.397670549036275E-04 4.569154492605521E-03 1.918964141915175E-03 2.124750131580128E+00 5.367015213136634E-01 2.413688029140905E+01 1.410453628322473E+00 1.947332558104992E+02 7.023683988123639E+00 2.690299612279195E+01 3.184442842073394E-01 220.337590106 -18.563445425 220.466023979 -18.581438889 16.889 177.1957 2.7562 2.7552
2454589.8367154612 -7.490503705920677E-01 -6.390171303553822E-01 -2.779914266849947E-01 -7.362394155831605E-01 -6.281124844364314E-01 -2.723336221271683E-01 -6.398029187500423E-04 4.569151030801756E-03 1.918963329835488E-03 2.124745615385573E+00 5.367005205330290E-01 2.413687919310815E+01 1.410451240381644E+00 1.947332534266747E+02 7.025492080971841E+00 2.690948611042398E+01 3.184452994986025E-01 220.397476312 -18.585808982 220.526795113 -18.603633836 16.893 177.1807 2.7710 2.7698
2454589.8422884615 -7.489856931146807E-01 -6.391056999802210E-01 -2.780318155713100E-01 -7.361744193609683E-01 -6.281777953076227E-01 -2.723616064438287E-01 -6.398386351418277E-04 4.569147582950931E-03 1.918962520974478E-03 2.124741111875482E+00 5.366995229804205E-01 2.413687810118486E+01 1.410448865766727E+00 1.947332507261705E+02 7.027292865379160E+00 2.691594950629488E+01 3.184463119436282E-01 220.457037230 -18.607970478 220.587254433 -18.625602218 16.896 177.1648 2.7865 2.7853
2454589.8480114611 -7.489192681149844E-01 -6.391966477478886E-01 -2.780732890381297E-01 -7.361076394253092E-01 -6.282448208991158E-01 -2.723903414288785E-01 -6.398753128076542E-04 4.569144042013227E-03 1.918961690218873E-03 2.124736481112945E+00 5.366984976724158E-01 2.413687698181160E+01 1.410446430895769E+00 1.947332476148170E+02 7.029142245254797E+00 2.692258695001336E+01 3.184473530021794E-01 220.518124111 -18.630614574 220.649285206 -18.648020512 16.900 177.1476 2.8034 2.8020
2454591.8518144609 -7.252532133494680E-01 -6.706789063072944E-01 -2.924368954981791E-01 -7.126665113314699E-01 -6.510782912983716E-01 -2.822880947441491E-01 -6.527141073940096E-04 4.567886411632536E-03 1.918663107224777E-03 2.123037443886437E+00 5.363426888378975E-01 2.413660669632321E+01 1.409837491570367E+00 1.947170076003375E+02 7.681511527735063E+00 2.924553657575894E+01 3.188297029301303E-01 237.286429095 -23.540683337 237.421178120 -23.542584316 18.234 164.4784 15.1459 15.1405
2454591.8619744610 -7.251311828905576E-01 -6.708366820360966E-01 -2.925089169460154E-01 -7.125434802178724E-01 -6.511930926500986E-01 -2.823374512390420E-01 -6.527791884083693E-04 4.567879944284769E-03 1.918661554092008E-03 2.123029293084107E+00 5.363410638223418E-01 2.413660587293877E+01 1.409835549217575E+00 1.947168725524819E+02 7.684832997313965E+00 2.925728380414532E+01 3.188315390237643E-01 237.341388685 -23.554452108 237.478000818 -23.556074763 18.239 164.4367 15.1861 15.1807
2454591.8722844608 -7.250073302187540E-01 -6.709967679105944E-01 -2.925819933150579E-01 -7.124185525814235E-01 -6.513094322618557E-01 -2.823875277598695E-01 -6.528452300997264E-04 4.567873380517859E-03 1.918659977624268E-03 2.123021030986215E+00 5.363394173868737E-01 2.413660504198443E+01 1.409833588206317E+00 1.947167351576653E+02 7.688203571547227E+00 2.926920394223880E+01 3.188334002064216E-01 237.397041650 -23.568225044 237.535609967 -23.569447286 18.245 164.3944 15.2267 15.2213
2454591.8824544610 -7.248851390542820E-01 -6.711546609845499E-01 -2.926540690905628E-01 -7.122952510775246E-01 -6.514240340653956E-01 -2.824369157264189E-01 -6.529103748385577E-04 4.567866904956927E-03 1.918658422164053E-03 2.123012890022186E+00 5.363377958482133E-01 2.413660422682345E+01 1.409831663680124E+00 1.947165992820575E+02 7.691528442517052E+00 2.928096169803987E+01 3.188352341192605E-01 237.451844463 -23.581616895 237.592436042 -23.582316575 18.250 164.3529 15.2666 15.2612
2454591.8927244609 -7.247617259421374E-01 -6.713140874759218E-01 -2.927268452318122E-01 -7.121706754336447E-01 -6.515396005891281E-01 -2.824867806834786E-01 -6.529761599721138E-04 4.567860364791094E-03 1.918656851006517E-03 2.123004678042876E+00 5.363361609271516E-01 2.413660340817590E+01 1.409829730133807E+00 1.947164617232704E+02 7.694886071925788E+00 2.929283454062694E+01 3.188370840475047E-01 237.507112824 -23.594947814 237.649876387 -23.594975010 18.255 164.3111 15.3067 15.3013
2454592.7240144606 -7.147046255545895E-01 -6.841546943175523E-01 -2.985896948167604E-01 -7.022153148110346E-01 -6.607696643319679E-01 -2.864929635771242E-01 -6.583004854594769E-04 4.567327875688270E-03 1.918528333563997E-03 2.122371160768567E+00 5.362124062942811E-01 2.413655078439839E+01 1.409703502370874E+00 1.947043375285175E+02 7.966829919302761E+00 3.025193082032179E+01 3.189798516344726E-01 241.887992202 -24.525604642 242.008248744 -24.518942593 18.649 161.0514 18.4270 18.4217
2454592.7292444608 -7.146409327028596E-01 -6.842350790713133E-01 -2.986264054367566E-01 -7.021513754141392E-01 -6.608282789306243E-01 -2.865179915591091E-01 -6.583339795932965E-04 4.567324506147519E-03 1.918527516607362E-03 2.122367372986986E+00 5.362116809313189E-01 2.413655053011412E+01 1.409702881400425E+00 1.947042559731872E+02 7.968541590892171E+00 3.025795179496989E+01 3.189807055581814E-01 241.909671897 -24.530729661 242.031201417 -24.524513491 18.651 161.0361 18.4414 18.4361
2454592.7344644610 -7.145773564541803E-01 -6.843153051055347E-01 -2.986630436719305E-01 -7.020875240981794E-01 -6.608867515755877E-01 -2.865429694210540E-01 -6.583674096388201E-04 4.567321142807487E-03 1.918526701108094E-03 2.122363594914292E+00 5.362109576068379E-01 2.413655027717482E+01 1.409702263586487E+00 1.947041745179095E+02 7.970249996241535E+00 3.026396108258228E+01 3.189815572968980E-01 241.931248698 -24.535805068 242.053996267 -24.529981037 18.654 161.0210 18.4557 18.4505
2454592.7396844607 -7.145137750197185E-01 -6.843955261378875E-01 -2.986996797229445E-01 -7.020236394548802E-01 -6.609451934506959E-01 -2.865679450232160E-01 -6.584008396441579E-04 4.567317779225109E-03 1.918525885504092E-03 2.122359819305502E+00 5.362102349330377E-01 2.413655002509180E+01 1.409701647736613E+00 1.947040930069691E+02 7.971958407931043E+00 3.026997019494554E+01 3.189824084839327E-01 241.952766671 -24.540840441 242.076686841 -24.535359868 18.656 161.0060 18.4700 18.4647
2454592.7536614607 -7.143435047555682E-01 -6.846103001958327E-01 -2.987977651334863E-01 -7.018521257081497E-01 -6.610992011344899E-01 -2.866322841208252E-01 -6.584903511495864E-04 4.567308771751924E-03 1.918523701138841E-03 2.122349721911662E+00 5.362083031123507E-01 2.413654935432040E+01 1.409700008389639E+00 1.947038744815214E+02 7.976532859485708E+00 3.028605925094960E+01 3.189846848958767E-01 242.011883221 -24.556839535 242.136770682 -24.545759893 18.662 160.9634 18.5103 18.5051
2454592.7562594609 -7.143118513756126E-01 -6.846502177477968E-01 -2.988159952051433E-01 -7.018203146897211E-01 -6.611282273788688E-01 -2.866447106130506E-01 -6.585069892259782E-04 4.567307097280542E-03 1.918523295033358E-03 2.122347846985476E+00 5.362079445450123E-01 2.413654923031216E+01 1.409699705217207E+00 1.947038338190906E+02 7.977383149021476E+00 3.028904969503565E+01 3.189851075925176E-01 242.022577339 -24.559286458 242.148060183 -24.548379038 18.663 160.9559 18.5174 18.5121
2454592.7586184610 -7.142831087956644E-01 -6.846864620623393E-01 -2.988325477560013E-01 -7.017914237969372E-01 -6.611545765647202E-01 -2.866559934603079E-01 -6.585220966952795E-04 4.567305576798002E-03 1.918522926264553E-03 2.122346145069424E+00 5.362076191030521E-01 2.413654911789415E+01 1.409699430353295E+00 1.947037968855586E+02 7.978155218334615E+00 3.029176499841230E+01 3.189854912853368E-01 242.032276902 -24.561499928 242.158292899 -24.550736976 18.664 160.9492 18.5238 18.5185
2454592.7958244607 -7.138296428959726E-01 -6.852579697092929E-01 -2.990935544144337E-01 -7.013604820236038E-01 -6.615407392889242E-01 -2.868736659500692E-01 -6.587603695632171E-04 4.567281589306829E-03 1.918517107239476E-03 2.122319368984891E+00 5.362025037661898E-01 2.413654736765923E+01 1.409695147655760E+00 1.947032128978090E+02 7.990332416165862E+00 3.033458584609704E+01 3.189915279894805E-01 242.260654360 -24.514158389 242.365740960 -24.541453748 18.680 160.8069 18.6595 18.6542
2454592.8174344609 -7.135661400812338E-01 -6.855897960618994E-01 -2.992451013320350E-01 -7.010984995505657E-01 -6.617844538707367E-01 -2.869769325510303E-01 -6.588987622744412E-04 4.567267651239547E-03 1.918513724990435E-03 2.122303874190247E+00 5.361995477662854E-01 2.413654637063361E+01 1.409692705157384E+00 1.947028724471266E+02 7.997405320706325E+00 3.035945294443036E+01 3.189950213986721E-01 242.350949333 -24.537141100 242.462391783 -24.562781871 18.689 160.7427 18.7204 18.7151
2454592.8372944607 -7.133238979033039E-01 -6.858946750075394E-01 -2.993843427345242E-01 -7.008569932115121E-01 -6.620082533255296E-01 -2.870718024664196E-01 -6.590259471465999E-04 4.567254838233241E-03 1.918510615057571E-03 2.122289671256002E+00 5.361968408996425E-01 2.413654546688744E+01 1.409690489353818E+00 1.947025587625762E+02 8.003905542080261E+00 3.038230359630883E+01 3.189982236049648E-01 242.432329563 -24.557774084 242.548254081 -24.582352917 18.697 160.6852 18.7748 18.7695
2454592.8734444608 -7.128827667393233E-01 -6.864494420728161E-01 -2.996377143756219E-01 -7.003936871289836E-01 -6.624286081444597E-01 -2.872089352386904E-01 -6.592574527496909E-04 4.567231506470944E-03 1.918504950338970E-03 2.122263909493905E+00 5.361919376620281E-01 2.413654385237457E+01 1.409686526507944E+00 1.947019858324221E+02 8.015737725019422E+00 3.042389067808937E+01 3.190040320116725E-01 242.522341369 -24.657640920 242.658837404 -24.656090143 18.712 160.6086 18.8464 18.8411
2454592.8766244608 -7.128439499966188E-01 -6.864982316486520E-01 -2.996599976422730E-01 -7.003544888791807E-01 -6.624638850289989E-01 -2.872241135773832E-01 -6.592778174587468E-04 4.567229453494799E-03 1.918504451791538E-03 2.122261648929000E+00 5.361915078139853E-01 2.413654371222228E+01 1.409686182233097E+00 1.947019353145317E+02 8.016778576898924E+00 3.042754854989197E+01 3.190045417010727E-01 242.534811624 -24.660297138 242.671891945 -24.658683665 18.713 160.6001 18.8544 18.8491
2454592.8806744609 -7.127945108073491E-01 -6.865603666207614E-01 -2.996883760971922E-01 -7.003229297221231E-01 -6.624703741690431E-01 -2.872955477644614E-01 -6.593037536215844E-04 4.567226838725299E-03 1.918503816792808E-03 2.122258771221059E+00 5.361909607105945E-01 2.413654353416213E+01 1.409685744777448E+00 1.947018709480564E+02 8.018104193020530E+00 3.043220706374741E+01 3.190051905396307E-01 242.622527187 -24.552124929 242.731198156 -24.594363837 18.716 160.5668 18.8865 18.8813
2454592.8821744607 -7.127761992086763E-01 -6.865833788069519E-01 -2.996988863013051E-01 -7.003047954935118E-01 -6.624871744409632E-01 -2.873027062506985E-01 -6.593133596011581E-04 4.567225870255176E-03 1.918503581592103E-03 2.122257705776621E+00 5.361907581776437E-01 2.413654346833765E+01 1.409685583043037E+00 1.947018471007714E+02 8.018595162780917E+00 3.043393241185045E+01 3.190054307665935E-01 242.628890917 -24.553642967 242.737924664 -24.595590438 18.716 160.5623 18.8908 18.8856
2454592.8857644605 -7.127323717194335E-01 -6.866384529576742E-01 -2.997240399887365E-01 -7.002613813390324E-01 -6.625273827752265E-01 -2.873198381352589E-01 -6.593363498979842E-04 4.567223552302157E-03 1.918503018643311E-03 2.122255156632324E+00 5.361902736637013E-01 2.413654331106900E+01 1.409685196586269E+00 1.947017900090708E+02 8.019770218816886E+00 3.043806168458054E+01 3.190060055262658E-01 242.644088827 -24.557269351 242.753964230 -24.598548131 18.718 160.5515 18.9010 18.8958
2454592.8861344606 -7.127278545415050E-01 -6.866441289887367E-01 -2.997266323711462E-01 -7.002372217804325E-01 -6.625692901487483E-01 -2.872695003546462E-01 -6.593387193703054E-04 4.567223313397984E-03 1.918502960620705E-03 2.122254893972829E+00 5.361902237449517E-01 2.413654329488199E+01 1.409685156806749E+00 1.947017841235901E+02 8.019891325014381E+00 3.043848725939178E+01 3.190060647486234E-01 242.572059789 -24.668150667 242.710915314 -24.666287662 18.717 160.5748 18.8782 18.8730
2454592.8865744607 -7.127224827286189E-01 -6.866508788307074E-01 -2.997297151899538E-01 -7.002515834254371E-01 -6.625364547619690E-01 -2.873237033984297E-01 -6.593415371208915E-04 4.567223029294141E-03 1.918502891620164E-03 2.122254581636975E+00 5.361901643863037E-01 2.413654327563786E+01 1.409685109513605E+00 1.947017771243052E+02 8.020035343229758E+00 3.043899334718060E+01 3.190061351716323E-01 242.647511545 -24.558086218 242.757571886 -24.599219502 18.718 160.5491 18.9033 18.8981
2454592.9447744610 -7.120116156137021E-01 -6.875433846114495E-01 -3.001373508007508E-01 -6.995516852158409E-01 -6.631758973525004E-01 -2.875938264749063E-01 -6.597142459690661E-04 4.567185434943344E-03 1.918493758174579E-03 2.122213420908492E+00 5.361823528930122E-01 2.413654078038506E+01 1.409678970264564E+00 1.947008481374936E+02 8.039085347332275E+00 3.050592365774835E+01 3.190154159926269E-01 242.911283770 -24.622082430 243.014814316 -24.658161590 18.743 160.3569 19.0856 19.0804
2454592.9451844608 -7.120066055137652E-01 -6.875496698126797E-01 -3.001402214950720E-01 -6.995467228039295E-01 -6.631804994087142E-01 -2.875957809357444E-01 -6.597168715631217E-04 4.567185169996569E-03 1.918493693786251E-03 2.122213132018783E+00 5.361822981448567E-01 2.413654076315778E+01 1.409678927829506E+00 1.947008415709850E+02 8.039219550658490E+00 3.050639508030453E+01 3.190154811323664E-01 242.912976840 -24.622496575 243.016649512 -24.658500932 18.743 160.3557 19.0867 19.0815
2454592.9455944607 -7.120015953857017E-01 -6.875559549783856E-01 -3.001430921737861E-01 -6.995417601197153E-01 -6.631851014561773E-01 -2.875977353812119E-01 -6.597194971550065E-04 4.567184905048494E-03 1.918493629397324E-03 2.122212843144358E+00 5.361822434006803E-01 2.413654074593537E+01 1.409678885405809E+00 1.947008350041768E+02 8.039353753888271E+00 3.050686650129583E+01 3.190155462686820E-01 242.914669247 -24.622910584 243.018483095 -24.658840748 18.743 160.3545 19.0878 19.0826
2454592.9552144608 -7.118840315168837E-01 -6.877034175933164E-01 -3.002104442413172E-01 -6.994179280191815E-01 -6.633046586516519E-01 -2.876510505074646E-01 -6.597811024518769E-04 4.567178688031042E-03 1.918492118427332E-03 2.122206069467372E+00 5.361809600413006E-01 2.413654034323546E+01 1.409677893244235E+00 1.947006808367568E+02 8.042502629943947E+00 3.051792733074075E+01 3.190170736250631E-01 242.929562624 -24.625227865 243.051050789 -24.658684878 18.746 160.3510 19.0907 19.0854
2454592.9561444609 -7.118726652708087E-01 -6.877176724276074E-01 -3.002169550116776E-01 -6.994065877219353E-01 -6.633150535922586E-01 -2.876554830255664E-01 -6.597870580483386E-04 4.567178086966155E-03 1.918491972337614E-03 2.122205415069256E+00 5.361808360888016E-01 2.413654030444684E+01 1.409677797657839E+00 1.947006659239429E+02 8.042807044078710E+00 3.051899658848616E+01 3.190172211820715E-01 242.933283086 -24.626105889 243.054888792 -24.659500902 18.746 160.3484 19.0931 19.0879
2454592.9570644610 -7.118614210788496E-01 -6.877317738309049E-01 -3.002233957069098E-01 -6.993953682066927E-01 -6.633253362596367E-01 -2.876598678124598E-01 -6.597929496062733E-04 4.567177492356622E-03 1.918491827815446E-03 2.122204767783796E+00 5.361807134890154E-01 2.413654026609986E+01 1.409677703156350E+00 1.947006511699471E+02 8.043108185003637E+00 3.052005434283865E+01 3.190173671353939E-01 242.936961108 -24.626973556 243.058682466 -24.660307980 18.747 160.3459 19.0955 19.0903
2454592.9579844610 -7.118501767248949E-01 -6.877458750809468E-01 -3.002298363352569E-01 -6.993841475436848E-01 -6.633356184237508E-01 -2.876642525297313E-01 -6.597988411639853E-04 4.567176897739454E-03 1.918491683289999E-03 2.122204120574080E+00 5.361805909090192E-01 2.413654022777733E+01 1.409677608711667E+00 1.947006364144269E+02 8.043409325966936E+00 3.052111209114921E+01 3.190175130717484E-01 242.940636717 -24.627840309 243.062473116 -24.661114876 18.747 160.3433 19.0979 19.0927
2454595.9300744603 -6.747145575884044E-01 -7.324789914431871E-01 -3.206774189823599E-01 -6.624477053934220E-01 -6.951618401114276E-01 -3.014345559525018E-01 -6.788246842350667E-04 4.565216674446563E-03 1.918007791178779E-03 2.120465885277435E+00 5.358747994754185E-01 2.413650677761637E+01 1.409593946089841E+00 1.946479623177813E+02 9.016319811071593E+00 3.390499599110309E+01 3.194098616109485E-01 251.797163166 -26.098275097 251.927687340 -26.113190293 19.729 155.1098 23.8866 23.8815
