2459307.8633027598 -1.119311194476286E+00 -2.260424977251770E-01 -1.202923125825259E-01 -9.794271647458280E-01 -2.096470476198795E-01 -9.072990742240847E-02 -7.253288291712903E-03 4.932900927213085E-03 2.274977182593424E-03 1.986572418494096E+00 6.256093168454641E-01 1.982388769782263E+01 3.544262945890688E+02 2.831365584375188E+02 3.388809935976684E+02 2.748575145326177E+02 3.522399843289966E-01 186.680023479 -11.852022707 186.948812507 -11.958621852 21.984 171.3479 7.5655 7.5673
2459307.8763527600 -1.119139586149416E+00 -2.262154402998943E-01 -1.203483538513589E-01 -9.793791212861311E-01 -2.098513864371004E-01 -9.081708211327094E-02 -7.253368434665616E-03 4.932820570311835E-03 2.274945179100825E-03 1.986571585827110E+00 6.256101571282783E-01 1.982388138220005E+01 3.544262885382868E+02 2.831367784492464E+02 3.388855678526523E+02 2.748680357004606E+02 3.522402057899087E-01 186.673184117 -11.850225979 186.943757023 -11.957057404 21.982 171.3407 7.5726 7.5745
2459307.9024887602 -1.118795783011998E+00 -2.265617790216539E-01 -1.204605785111978E-01 -9.792819517250609E-01 -2.102607065187377E-01 -9.099165987360264E-02 -7.253528937087625E-03 4.932659630927269E-03 2.274881081994695E-03 1.986569907365379E+00 6.256118384881711E-01 1.982386872943752E+01 3.544262764044886E+02 2.831372194281545E+02 3.388947287446595E+02 2.748891138533589E+02 3.522406522039726E-01 186.659368469 -11.846549959 186.933265236 -11.953656144 21.978 171.3262 7.5871 7.5889
2459317.8434427599 -9.765952277246728E-01 -3.553213245927112E-01 -1.616704705877040E-01 -9.280723605835116E-01 -3.596156610409369E-01 -1.557371104279478E-01 -7.314131426560806E-03 4.871074247839727E-03 2.250326867918202E-03 1.984796716154327E+00 6.260810357592397E-01 1.981849742943676E+01 3.544196808946700E+02 2.833399673234566E+02 3.423575627508487E+02 2.836216155692029E+02 3.527127883448717E-01 174.938705784 -6.942657108 175.208293041 -7.052112646 20.076 153.5335 25.2686 25.2736
2459317.8613197599 -9.763180835097826E-01 -3.555461416710092E-01 -1.617413953538867E-01 -9.279561630572984E-01 -3.598804497422489E-01 -1.558499724289658E-01 -7.314239603124589E-03 4.870962843910451E-03 2.250282404065810E-03 1.984792167955525E+00 6.260816770465496E-01 1.981848601928445E+01 3.544196637689610E+02 2.833403879994545E+02 3.423637679588981E+02 2.836387244673215E+02 3.527140007202726E-01 174.874987481 -6.916097500 175.146623538 -7.025595654 20.071 153.4509 25.3515 25.3565
2459318.7569917599 -9.623298529938396E-01 -3.667711944219114E-01 -1.652772743036258E-01 -9.219816208618182E-01 -3.728563167842207E-01 -1.614853327137507E-01 -7.319655729131605E-03 4.865378362919774E-03 2.248053301475751E-03 1.984578720803665E+00 6.261163319232685E-01 1.981789588573305E+01 3.544187605119178E+02 2.833614820194200E+02 3.426749147785731E+02 2.845032161274411E+02 3.527709053587864E-01 171.420241494 -5.307389895 171.679652388 -5.415232306 19.801 148.9894 29.8447 29.8495
2459318.7890067599 -9.618261122351183E-01 -3.671709915733163E-01 -1.654030124403006E-01 -9.217691241525623E-01 -3.733258231367535E-01 -1.616860426588333E-01 -7.319849188403483E-03 4.865178644506952E-03 2.247973574286007E-03 1.984571869651378E+00 6.261177043547886E-01 1.981787403832065E+01 3.544187264201934E+02 2.833622333218068E+02 3.426860496968683E+02 2.845343871092765E+02 3.527727321174828E-01 171.261404915 -5.238440917 171.525476312 -5.347087454 19.791 148.7917 30.0435 30.0483
2459318.8050807598 -9.615730977170488E-01 -3.673716825987720E-01 -1.654661255322187E-01 -9.216618121828600E-01 -3.735618323360035E-01 -1.617867968608865E-01 -7.319946316360783E-03 4.865078367699923E-03 2.247933543790145E-03 1.984568458133027E+00 6.261183982178348E-01 1.981786304723841E+01 3.544187092518156E+02 2.833626103558368E+02 3.426916407559818E+02 2.845500445496321E+02 3.527736417544081E-01 171.180501334 -5.203373042 171.446602546 -5.312255316 19.786 148.6912 30.1445 30.1493
2459318.8916007597 -9.602100968565602E-01 -3.684514857621229E-01 -1.658056409702819E-01 -9.210763027161143E-01 -3.748335789039053E-01 -1.623289152369597E-01 -7.320469077365694E-03 4.864538585596155E-03 2.247718060558259E-03 1.984550436263587E+00 6.261221907109739E-01 1.981780362972970E+01 3.544186162389962E+02 2.833646375163138E+02 3.427217408867887E+02 2.846344054096569E+02 3.527784471159883E-01 170.734273085 -5.009286055 171.010388729 -5.118065912 19.759 148.1378 30.7005 30.7053
2459318.9052117597 -9.599955021146851E-01 -3.686212890053089E-01 -1.658590218861217E-01 -9.209829405959001E-01 -3.750336028317811E-01 -1.624141682895309E-01 -7.320551309943097E-03 4.864453664257329E-03 2.247684159266522E-03 1.984547655693824E+00 6.261227965491771E-01 1.981779424238457E+01 3.544186015129669E+02 2.833649560429454E+02 3.427264770302109E+02 2.846476895342608E+02 3.527791885384157E-01 170.662777472 -4.977921669 170.940606094 -5.086475044 19.755 148.0492 30.7895 30.7943
2459318.9187757596 -9.597816016966968E-01 -3.687904876495008E-01 -1.659122102410835E-01 -9.208895656846391E-01 -3.752328554413922E-01 -1.624991185622317E-01 -7.320633256881254E-03 4.864369034849741E-03 2.247650374422953E-03 1.984544900083170E+00 6.261234028854680E-01 1.981778487648318E+01 3.544185868121686E+02 2.833652733588207E+02 3.427311970729198E+02 2.846609312580078E+02 3.527799233082068E-01 170.591272685 -4.946439201 170.870931522 -5.054693965 19.751 147.9607 30.8785 30.8832
2459319.2377307597 -9.547383179929858E-01 -3.727638763273144E-01 -1.671605428923127E-01 -9.186910770336385E-01 -3.798312354031208E-01 -1.644798891095620E-01 -7.322559740749761E-03 4.862378612431968E-03 2.246855752581419E-03 1.984485098764453E+00 6.261384990508276E-01 1.981756134543924E+01 3.544182334786153E+02 2.833726948312004E+02 3.428422701013646E+02 2.849733179296360E+02 3.527958696589080E-01 168.904351405 -4.172079015 169.184352315 -4.267872141 19.649 145.8652 32.9886 32.9932
2459319.2380907596 -9.547326111077050E-01 -3.727683552678896E-01 -1.671619492719813E-01 -9.186885709941861E-01 -3.798364905480670E-01 -1.644821380047306E-01 -7.322561914621189E-03 4.862376365461355E-03 2.246854855510736E-03 1.984485037331518E+00 6.261385171022449E-01 1.981756108942862E+01 3.544182330712313E+02 2.833727031547795E+02 3.428423955671072E+02 2.849736716234334E+02 3.527958860409559E-01 168.902202846 -4.171110586 169.182257191 -4.266879588 19.649 145.8625 32.9912 32.9959
2459319.2384407599 -9.547270627186313E-01 -3.727727097783753E-01 -1.671633165791128E-01 -9.186861343876931E-01 -3.798415996588866E-01 -1.644843244234936E-01 -7.322564028104940E-03 4.862374180906977E-03 2.246853983358773E-03 1.984484977619603E+00 6.261385346546530E-01 1.981756084052107E+01 3.544182326751443E+02 2.833727112470123E+02 3.428425175479256E+02 2.849740154948201E+02 3.527959019640682E-01 168.900113744 -4.170168883 169.180220167 -4.265914270 19.649 145.8600 32.9938 32.9984
2459319.2387707597 -9.547218313469835E-01 -3.727768154521585E-01 -1.671646057505064E-01 -9.186838368506555E-01 -3.798464167751501E-01 -1.644863859006869E-01 -7.322566020819012E-03 4.862372121181576E-03 2.246853161042930E-03 1.984484921333051E+00 6.261385512062224E-01 1.981756060582972E+01 3.544182323016743E+02 2.833727188766952E+02 3.428426325584163E+02 2.849743397180103E+02 3.527959169737553E-01 168.898143813 -4.169280834 169.178299456 -4.265003809 19.649 145.8576 32.9962 33.0009
2459319.2390607595 -9.547172340627949E-01 -3.727804234557686E-01 -1.671657386534673E-01 -9.186818176744042E-01 -3.798506499540963E-01 -1.644881974957997E-01 -7.322567771989386E-03 4.862370311121060E-03 2.246852438402168E-03 1.984484871879674E+00 6.261385657532846E-01 1.981756039957987E+01 3.544182319734597E+02 2.833727255814661E+02 3.428427336283577E+02 2.849746246430162E+02 3.527959301612704E-01 168.896412501 -4.168500301 169.176611490 -4.264203464 19.649 145.8555 32.9983 33.0030
2459319.4945727596 -9.506583557742794E-01 -3.759560327681033E-01 -1.681624222285107E-01 -9.169014420762656E-01 -3.835292299028377E-01 -1.660777741007372E-01 -7.324110388578628E-03 4.860775277872017E-03 2.246215627764772E-03 1.984445475157919E+00 6.261520742555087E-01 1.981737642224376E+01 3.544179376164327E+02 2.833785920452962E+02 3.429318516741388E+02 2.852263088009828E+02 3.528064361733435E-01 167.352477235 -3.446648506 167.635708644 -3.531071230 19.566 143.9605 34.9059 34.9105
2459319.4963507596 -9.506300534622455E-01 -3.759781071590930E-01 -1.681693472530369E-01 -9.168889318857628E-01 -3.835550624786705E-01 -1.660888584713000E-01 -7.324121120909777E-03 4.860764177087327E-03 2.246211195706036E-03 1.984445232804515E+00 6.261521734994913E-01 1.981737512579445E+01 3.544179355309788E+02 2.833786325415691E+02 3.429324723222974E+02 2.852280647158793E+02 3.528065008038822E-01 167.340675305 -3.441233506 167.624222172 -3.525404880 19.566 143.9462 34.9203 34.9249
2459319.4981277599 -9.506017662675081E-01 -3.760001688070365E-01 -1.681762682362155E-01 -9.168764249269270E-01 -3.835808789923982E-01 -1.660999364544577E-01 -7.324131847174032E-03 4.860753082525632E-03 2.246206766130287E-03 1.984444991064158E+00 6.261522727659840E-01 1.981737382984424E+01 3.544179334461721E+02 2.833786730099765E+02 3.429330926290143E+02 2.852298197066355E+02 3.528065652709542E-01 167.328873087 -3.435816519 167.612740587 -3.519728257 19.565 143.9319 34.9347 34.9393
2459319.4999007597 -9.505735419370357E-01 -3.760221804772576E-01 -1.681831734972983E-01 -9.168639423384271E-01 -3.836066358440188E-01 -1.661109893532112E-01 -7.324142549267550E-03 4.860742012912610E-03 2.246202346513877E-03 1.984444750343815E+00 6.261523718871780E-01 1.981737253658210E+01 3.544179313655347E+02 2.833787133821983E+02 3.429337115469137E+02 2.852315708097874E+02 3.528066294660294E-01 167.317090589 -3.430406712 167.601283560 -3.514050722 19.564 143.9175 34.9491 34.9537
2459319.5016747597 -9.505453008907283E-01 -3.760442042352700E-01 -1.681900825069094E-01 -9.168514489471589E-01 -3.836324056293889E-01 -1.661220483329713E-01 -7.324153257366331E-03 4.860730937036123E-03 2.246197924395159E-03 1.984444509964202E+00 6.261524711425497E-01 1.981737124236115E+01 3.544179292831997E+02 2.833787537720950E+02 3.429343308215014E+02 2.852333229637641E+02 3.528066935702586E-01 167.305294649 -3.424988842 167.589819069 -3.508355998 19.564 143.9032 34.9635 34.9681
2459319.7460487597 -9.466473286992833E-01 -3.790749462979132E-01 -1.691404307959936E-01 -9.151434330788413E-01 -3.871049551362609E-01 -1.676636732355086E-01 -7.325628056927547E-03 4.859204987640357E-03 2.245588663686588E-03 1.984416335871884E+00 6.261669519627585E-01 1.981719071334229E+01 3.544176373094668E+02 2.833842628101316E+02 3.430197170743041E+02 2.854753004596969E+02 3.528142071475181E-01 165.697729425 -2.599200671 165.958920215 -2.706250339 19.482 141.9293 36.9525 36.9570
2459319.7464177599 -9.466414312963582E-01 -3.790795179835719E-01 -1.691418637088862E-01 -9.151408979160066E-01 -3.871103180128752E-01 -1.676659688422931E-01 -7.325630283433872E-03 4.859202683167359E-03 2.245587743564759E-03 1.984416301349562E+00 6.261669751354372E-01 1.981719043730019E+01 3.544176368607310E+02 2.833842710366454E+02 3.430198461344503E+02 2.854756667732469E+02 3.528142163542295E-01 165.694914788 -2.597928105 165.956160344 -2.704986431 19.482 141.9259 36.9559 36.9604
2459319.7478067596 -9.466192318104826E-01 -3.790967267270499E-01 -1.691472574639042E-01 -9.151313532477191E-01 -3.871305063066185E-01 -1.676746099727759E-01 -7.325638664501806E-03 4.859194008595268E-03 2.245584280011679E-03 1.984416171634023E+00 6.261670624004830E-01 1.981718939812194E+01 3.544176351713737E+02 2.833843020002814E+02 3.430203319489613E+02 2.854770456835311E+02 3.528142509478956E-01 165.684313512 -2.593135542 165.945763901 -2.700225854 19.481 141.9132 36.9687 36.9732
2459319.7489427598 -9.466010754941585E-01 -3.791108008261128E-01 -1.691516687039184E-01 -9.151235450498351E-01 -3.871470187926651E-01 -1.676816770914852E-01 -7.325645518982832E-03 4.859186914047323E-03 2.245581447324447E-03 1.984416065820781E+00 6.261671338152640E-01 1.981718854811356E+01 3.544176337894704E+02 2.833843273207742E+02 3.430207292789756E+02 2.854781734615989E+02 3.528142791670940E-01 165.675635708 -2.589213146 165.937252102 -2.696328919 19.481 141.9028 36.9792 36.9836
2459320.4128167597 -9.359339698455448E-01 -3.873123927641236E-01 -1.717191883460141E-01 -9.103839846207520E-01 -3.966717593929212E-01 -1.717818658381731E-01 -7.329649237246041E-03 4.855039329726296E-03 2.243925303729181E-03 1.984406845115915E+00 6.262172872508734E-01 1.981667409157930E+01 3.544167855103605E+02 2.833984444818548E+02 3.432537621296598E+02 2.861420586184363E+02 3.528167382395323E-01 159.879423636 0.133237415 160.155036123 0.043648444 19.274 134.9958 43.9256 43.9297
2459320.4249697598 -9.357376392691160E-01 -3.874620942811971E-01 -1.717659943267859E-01 -9.102963962073851E-01 -3.968472282284601E-01 -1.718570594253798E-01 -7.329722492569964E-03 4.854963374345791E-03 2.243894972462561E-03 1.984407878244207E+00 6.262183949216719E-01 1.981666434373126E+01 3.544167692112999E+02 2.833986861889567E+02 3.432580470470873E+02 2.861543059379027E+02 3.528164627128295E-01 159.749287285 0.193663649 160.026342196 0.104558655 19.271 134.8430 44.0791 44.0832
2459321.3625307595 -9.204761743678704E-01 -3.989621228637059E-01 -1.753551825493654E-01 -9.034053385189394E-01 -4.101700534365649E-01 -1.776350864312911E-01 -7.335369819399638E-03 4.849100563618505E-03 2.241553556293381E-03 1.984693244948043E+00 6.263346660185670E-01 1.981589006508894E+01 3.544154483751479E+02 2.834138937317936E+02 3.435918373393459E+02 2.871110617849528E+02 3.527403715193309E-01 146.712524687 6.370806795 146.996099524 6.289921808 19.081 119.7591 59.2323 59.2352
2459321.3629207597 -9.204697784796854E-01 -3.989668861386885E-01 -1.753566665022746E-01 -9.034024389240222E-01 -4.101756393724109E-01 -1.776374801584536E-01 -7.335372166865821E-03 4.849098123569080E-03 2.241552581727130E-03 1.984693469030671E+00 6.263347295217584E-01 1.981588974340752E+01 3.544154478156323E+02 2.834138980862909E+02 3.435919778368528E+02 2.871114652371318E+02 3.527403117798886E-01 146.705211480 6.374092352 146.988833648 6.293230043 19.081 119.7509 59.2406 59.2435
2459321.5131227598 -9.180035567698376E-01 -4.008000964481346E-01 -1.759276179386519E-01 -9.022786221193817E-01 -4.122824787422842E-01 -1.786130684407682E-01 -7.336276151153473E-03 4.848158300376238E-03 2.241177206777020E-03 1.984787605611791E+00 6.263602404878655E-01 1.981576708200059E+01 3.544152337952704E+02 2.834154066688530E+02 3.436462108966596E+02 2.872672328563627E+02 3.527152168731482E-01 143.862945867 7.853053659 144.141482807 7.744603219 19.079 116.4889 62.5151 62.5178
2459321.5267567597 -9.177794034200230E-01 -4.009663716670600E-01 -1.759793875843113E-01 -9.021781577838820E-01 -4.124777117502091E-01 -1.786966333230196E-01 -7.336358196606927E-03 4.848072983815627E-03 2.241143129929771E-03 1.984796935537470E+00 6.263626600609814E-01 1.981575609756752E+01 3.544152145637266E+02 2.834155262270765E+02 3.436511460021313E+02 2.872814107714467E+02 3.527127298659135E-01 143.578314761 7.978234227 143.858754246 7.870130001 19.080 116.1702 62.8348 62.8375
2459321.7763157594 -9.136678724933591E-01 -4.040061345085984E-01 -1.769253254056620E-01 -9.002984358761130E-01 -4.160029189862339E-01 -1.801882257116838E-01 -7.337859670593265E-03 4.846511106826599E-03 2.240519274419385E-03 1.984991077545850E+00 6.264098878203782E-01 1.981556188366702E+01 3.544148726824072E+02 2.834171523260851E+02 3.437418463325286E+02 2.875421137146742E+02 3.526609855400781E-01 138.098110226 10.295373775 138.385457823 10.211078397 19.112 110.0945 68.9324 68.9345
2459321.7765167598 -9.136645544086910E-01 -4.040085799067571E-01 -1.769260860089907E-01 -9.002979329283890E-01 -4.160353476854519E-01 -1.801816902460421E-01 -7.337860879682597E-03 4.846509848683939E-03 2.240518771871312E-03 1.984991251569626E+00 6.264099279877752E-01 1.981556173383545E+01 3.544148724172595E+02 2.834171531838815E+02 3.437419196626951E+02 2.875423246192149E+02 3.526609391635047E-01 138.021018558 10.262812576 138.326623851 10.188713619 19.116 110.0284 68.9973 68.9994
2459321.7771787597 -9.136536261121282E-01 -4.040166338735418E-01 -1.769285910666856E-01 -9.002928777053455E-01 -4.160448321341304E-01 -1.801857388720312E-01 -7.337864861855732E-03 4.846505704947450E-03 2.240517116711662E-03 1.984991824918878E+00 6.264100603029494E-01 1.981556124045083E+01 3.544148715441312E+02 2.834171560037115E+02 3.437421611812215E+02 2.875430192513552E+02 3.526607863685145E-01 138.005111387 10.269479480 138.310906200 10.195488092 19.116 110.0109 69.0149 69.0169
2459321.7778437594 -9.136426481833055E-01 -4.040247242822445E-01 -1.769311074524432E-01 -9.002877988493343E-01 -4.160543593491867E-01 -1.801898058199634E-01 -7.337868862068257E-03 4.846501542432430E-03 2.240515454050967E-03 1.984992401168361E+00 6.264101932522801E-01 1.981556074497132E+01 3.544148706672714E+02 2.834171588280484E+02 3.437424037987611E+02 2.875437170472509E+02 3.526606328007368E-01 137.989127857 10.276177832 138.295114873 10.202295708 19.116 109.9933 69.0325 69.0346
2459321.7785037598 -9.136317526736953E-01 -4.040327538154488E-01 -1.769336048973451E-01 -9.002827574566481E-01 -4.160638147283722E-01 -1.801938421695678E-01 -7.337872832202564E-03 4.846497411208818E-03 2.240513803888992E-03 1.984992973385044E+00 6.264103252363659E-01 1.981556025335650E+01 3.544148697972271E+02 2.834171616229542E+02 3.437426445969013E+02 2.875444096132059E+02 3.526604803077918E-01 137.973260137 10.282827100 138.279439755 10.209054641 19.116 109.9758 69.0500 69.0521
2459322.3795877597 -9.036613716861358E-01 -4.113244367402799E-01 -1.791988381667909E-01 -8.956684279217257E-01 -4.245025593363551E-01 -1.838495531252061E-01 -7.341486915549624E-03 4.842733714878075E-03 2.239010358343515E-03 1.985611886269217E+00 6.265390880008472E-01 1.981519733302276E+01 3.544142201222905E+02 2.834162723543149E+02 3.439635150196531E+02 2.881819867693104E+02 3.524956073731786E-01 121.240879694 16.790375341 121.549864583 16.745024179 19.463 92.0542 87.0276 87.0280
2459322.3838727595 -9.035899539405535E-01 -4.113762651198193E-01 -1.792149196037452E-01 -8.956354917773148E-01 -4.245633622453904E-01 -1.838756168435572E-01 -7.341512667752807E-03 4.842706875310168E-03 2.238999636389226E-03 1.985616700670760E+00 6.265400105986768E-01 1.981519554504611E+01 3.544142168773512E+02 2.834162431142813E+02 3.439650962830599E+02 2.881865789967249E+02 3.524943253626324E-01 121.101170774 16.836990575 121.410805170 16.792200790 19.467 91.9096 87.1727 87.1730
2459322.3882687595 -9.035166811450136E-01 -4.114294338146804E-01 -1.792314166282709E-01 -8.956016782774824E-01 -4.246257438783521E-01 -1.839023547127749E-01 -7.341539086874952E-03 4.842679340350062E-03 2.238988636628337E-03 1.985621639655782E+00 6.265409561082194E-01 1.981519372495664E+01 3.544142135735341E+02 2.834162128417089E+02 3.439667185148270E+02 2.881912908105099E+02 3.524930101852522E-01 120.957662440 16.884752371 121.267978168 16.840562650 19.472 91.7610 87.3216 87.3219
2459322.3925177595 -9.034458537177703E-01 -4.114808223982503E-01 -1.792473610472009E-01 -8.955689720684651E-01 -4.246860425276875E-01 -1.839281975083311E-01 -7.341564622388306E-03 4.842652726017427E-03 2.238978004634074E-03 1.985626413205374E+00 6.265418690248797E-01 1.981519197943646E+01 3.544142104045041E+02 2.834161833187144E+02 3.439682865042639E+02 2.881958456660482E+02 3.524917390686093E-01 120.818782536 16.930857517 121.129772426 16.887272469 19.476 91.6174 87.4657 87.4659
