2459800.4608967304 7.813188429268472E-01 -6.521651234313566E-01 -3.139073033208305E-01 7.212030800590475E-01 -6.441706021315863E-01 -2.790416247621865E-01 -9.061825508063030E-03 1.213949314711259E-03 7.439418562310297E-04 1.843259357553055E+00 8.816420610994010E-01 5.751742311354568E+01 3.314727893046913E+02 1.137415479767417E+02 3.429576433392505E+02 2.258079227439247E+02 3.941083027293125E-01 352.420270339 -29.897593289 352.713311825 -29.773028921 17.921 146.0139 31.8936 31.8904
2459800.4632757301 7.813026848151017E-01 -6.521336016197934E-01 -3.138759230313811E-01 7.212311062790288E-01 -6.441432821800966E-01 -2.790299707254006E-01 -9.061827501992194E-03 1.213929371357385E-03 7.439334412647760E-04 1.843255195467072E+00 8.816418319823849E-01 5.751743353288157E+01 3.314727846988948E+02 1.137415804359554E+02 3.429585182889475E+02 2.258092181136304E+02 3.941096375799389E-01 352.418701207 -29.901694761 352.712035640 -29.777064053 17.919 146.0156 31.8933 31.8901
2459800.4695047303 7.812603725074462E-01 -6.520510630038157E-01 -3.137937571423828E-01 7.213044511456647E-01 -6.440717226888232E-01 -2.789994544701042E-01 -9.061832722409931E-03 1.213877153132888E-03 7.439114081229949E-04 1.843244296019596E+00 8.816412319620851E-01 5.751746082574694E+01 3.314727726358175E+02 1.137416654343633E+02 3.429608091975591E+02 2.258126102828837E+02 3.941131332508498E-01 352.414564462 -29.912446484 352.708653709 -29.787654051 17.915 146.0201 31.8927 31.8894
2459800.4746287302 7.812255607200504E-01 -6.519831618575661E-01 -3.137261649638693E-01 7.213647441610991E-01 -6.440128293584297E-01 -2.789743493189374E-01 -9.061837016375860E-03 1.213834198217856E-03 7.438932835667020E-04 1.843235328202292E+00 8.816407382563302E-01 5.751748328962158E+01 3.314727627087690E+02 1.137417353647497E+02 3.429626937123155E+02 2.258154012018836E+02 3.941160094480621E-01 352.411131804 -29.921304546 352.705829805 -29.796391532 17.912 146.0238 31.8921 31.8889
2459801.0832507303 7.770549410294016E-01 -6.438885181581221E-01 -3.056835285431432E-01 7.284091349256728E-01 -6.371068081995916E-01 -2.759768984059162E-01 -9.062344672128417E-03 1.208732073935188E-03 7.417404231419562E-04 1.842159243749799E+00 8.815813569891439E-01 5.752024490015288E+01 3.314715536796201E+02 1.137501031046847E+02 3.431865826841370E+02 2.261502070981803E+02 3.944613900440075E-01 352.058805357 -31.168767302 352.350394996 -31.044143481 17.472 146.3103 31.9685 31.9654
2459801.0868007303 7.770304049101647E-01 -6.438411311108559E-01 -3.056365347718145E-01 7.284505772493772E-01 -6.370656957106648E-01 -2.759593353253074E-01 -9.062347619388606E-03 1.208702314045090E-03 7.417278655474877E-04 1.842152912816081E+00 8.815810068693410E-01 5.752026163654458E+01 3.314715464198434E+02 1.137501522315336E+02 3.431878890281417E+02 2.261521794822521E+02 3.944634235161283E-01 352.055422671 -31.177845089 352.347499878 -31.053092221 17.469 146.3122 31.9687 31.9656
2459801.0912407301 7.769997140361325E-01 -6.437818611080501E-01 -3.055777581229641E-01 7.285023865724330E-01 -6.370142557429080E-01 -2.759373676882452E-01 -9.062351305313569E-03 1.208665093228232E-03 7.417121597076201E-04 1.842144993992734E+00 8.815805689228717E-01 5.752028258075835E+01 3.314715373359513E+02 1.137502136790692E+02 3.431895228881205E+02 2.261546466747707E+02 3.944659670370250E-01 352.051161808 -31.189219571 352.343837376 -31.064314748 17.465 146.3146 31.9690 31.9659
2459801.0956807300 7.769690193257337E-01 -6.437225879566219E-01 -3.055189799730713E-01 7.285541701107600E-01 -6.369627936481769E-01 -2.759153984701463E-01 -9.062354990988276E-03 1.208627872408099E-03 7.416964538609749E-04 1.842137074398812E+00 8.815801309209571E-01 5.752030353828651E+01 3.314715282475299E+02 1.137502751314494E+02 3.431911567593842E+02 2.261571142269749E+02 3.944685108327684E-01 352.046868042 -31.200617109 352.340130157 -31.075570340 17.462 146.3170 31.9692 31.9662
2459801.1000907300 7.769385282204311E-01 -6.436637121951407E-01 -3.054605974996713E-01 7.286055777198859E-01 -6.369116579842941E-01 -2.758935761314264E-01 -9.062358651511252E-03 1.208590903084816E-03 7.416808541316099E-04 1.842129207557532E+00 8.815796958239083E-01 5.752032436744079E+01 3.314715192160127E+02 1.137503361733883E+02 3.431927796024412E+02 2.261595654630154E+02 3.944710377112837E-01 352.042571346 -31.211960334 352.336405247 -31.086782017 17.458 146.3194 31.9695 31.9664
2459801.5325787300 7.739297872311879E-01 -6.378746520544918E-01 -2.997278660817887E-01 7.335724110143249E-01 -6.319417792494199E-01 -2.737467185646670E-01 -9.062716437476370E-03 1.204965330503885E-03 7.401509666052647E-04 1.841355145287394E+00 8.815368262079744E-01 5.752244036065185E+01 3.314706080074228E+02 1.137563404446097E+02 3.433520029354502E+02 2.264017042605611E+02 3.947198033300149E-01 351.632132555 -32.496458447 351.936117398 -32.370277993 17.088 146.4429 32.1009 32.0981
2459801.5330247302 7.739266654904391E-01 -6.378686666132196E-01 -2.997219469107659E-01 7.335775226427529E-01 -6.319365536168379E-01 -2.737444964718017E-01 -9.062716805213419E-03 1.204961591663310E-03 7.401493888954957E-04 1.841354345772295E+00 8.815367818729360E-01 5.752244262866847E+01 3.314706070372886E+02 1.137563466482000E+02 3.433521672265433E+02 2.264019557731666E+02 3.947200604107425E-01 351.631506216 -32.498019028 351.935540754 -32.371837986 17.087 146.4431 32.1010 32.0982
2459801.5334667303 7.739235717075442E-01 -6.378627348195014E-01 -2.997160808097095E-01 7.335825881102189E-01 -6.319313747685236E-01 -2.737422942915921E-01 -9.062717169649997E-03 1.204957886353780E-03 7.401478253350486E-04 1.841353553427941E+00 8.815367379354255E-01 5.752244487654631E+01 3.314706060757822E+02 1.137563527961640E+02 3.433523300445106E+02 2.264022050339345E+02 3.947203151860227E-01 351.630885236 -32.499565992 351.934969023 -32.373384428 17.087 146.4432 32.1012 32.0983
2459801.5339127299 7.739204498872168E-01 -6.378567493120589E-01 -2.997101616063319E-01 7.335876990979848E-01 -6.319261489717247E-01 -2.737400721661310E-01 -9.062717537382152E-03 1.204954147511810E-03 7.401462476245827E-04 1.841352753914537E+00 8.815366936002641E-01 5.752244714496742E+01 3.314706051055022E+02 1.137563589997671E+02 3.433524943360238E+02 2.264024565539742E+02 3.947205722667610E-01 351.630258373 -32.501127347 351.934391855 -32.374945317 17.087 146.4434 32.1013 32.0984
2459801.5343567301 7.739173420303223E-01 -6.378507906199997E-01 -2.997042689377966E-01 7.335927868402732E-01 -6.319209465348168E-01 -2.737378599919009E-01 -9.062717903462381E-03 1.204950425439970E-03 7.401446769906953E-04 1.841351957986307E+00 8.815366494638024E-01 5.752244940342091E+01 3.314706041394994E+02 1.137563651755649E+02 3.433526578912088E+02 2.264027069501293E+02 3.947208281949765E-01 351.629634061 -32.502682088 351.933817015 -32.376499656 17.086 146.4435 32.1014 32.0985
2459801.5348017300 7.739142271312229E-01 -6.378448184690828E-01 -2.996983629760541E-01 7.335978857256997E-01 -6.319157322960304E-01 -2.737356428170373E-01 -9.062718270364995E-03 1.204946694981058E-03 7.401431028175909E-04 1.841351160265914E+00 8.815366052278524E-01 5.752245166716443E+01 3.314706031712474E+02 1.137563713652816E+02 3.433528218150556E+02 2.264029579140816E+02 3.947210846997339E-01 351.629008081 -32.504240725 351.933240620 -32.378057949 17.086 146.4437 32.1015 32.0986
2459801.7156807301 7.726448610132534E-01 -6.354146701460263E-01 -2.972965216975847E-01 7.356551659809507E-01 -6.298496118198105E-01 -2.728319296041005E-01 -9.062867196739563E-03 1.203430377753305E-03 7.395032452090871E-04 1.841027121287987E+00 8.815186274938425E-01 5.752338977928135E+01 3.314702030811267E+02 1.137588871222105E+02 3.434194739954511E+02 2.265052809467980E+02 3.948253015062208E-01 351.439237697 -33.187901959 351.735827424 -33.061826025 16.914 146.4237 32.2256 32.2228
2459801.7174827298 7.726321822541434E-01 -6.353904332340717E-01 -2.972725809170443E-01 7.356759194946918E-01 -6.298284997946945E-01 -2.728229264206073E-01 -9.062868678321682E-03 1.203415271508268E-03 7.394968706102575E-04 1.841023896817669E+00 8.815184485121755E-01 5.752339931828529E+01 3.314701990246454E+02 1.137589121748345E+02 3.434201382613839E+02 2.265063035086374E+02 3.948263387847360E-01 351.436349370 -33.195404966 351.733172794 -33.069284581 16.912 146.4239 32.2264 32.2237
2459801.7240287298 7.725861195599414E-01 -6.353023850624095E-01 -2.971856108327041E-01 7.357512704243160E-01 -6.297517805603631E-01 -2.727902190120263E-01 -9.062874060014589E-03 1.203360396106838E-03 7.394737140427825E-04 1.841012184437095E+00 8.815177983749900E-01 5.752343400439315E+01 3.314701842762752E+02 1.137590031783759E+02 3.434225513400825E+02 2.265100186297334E+02 3.948301065737824E-01 351.425786667 -33.222737189 351.723447976 -33.096466457 16.905 146.4247 32.2295 32.2268
2459801.7298617298 7.725450668800904E-01 -6.352239213721524E-01 -2.971081109105832E-01 7.358183617495478E-01 -6.296833832725338E-01 -2.727610712718508E-01 -9.062878855066799E-03 1.203311497817901E-03 7.394530797141226E-04 1.841001749050003E+00 8.815172191027301E-01 5.752346495817980E+01 3.314701711174766E+02 1.137590842649970E+02 3.434247016433059E+02 2.265133297964225E+02 3.948334636136430E-01 351.416282922 -33.247193644 351.714677585 -33.120803073 16.900 146.4254 32.2323 32.2295
2459802.0429307297 7.703316808378531E-01 -6.310044915172336E-01 -2.929447269573582E-01 7.393598821605607E-01 -6.260765176121423E-01 -2.711946890942106E-01 -9.063135581228104E-03 1.200687029252434E-03 7.383455805595266E-04 1.840444663826221E+00 8.814862676454642E-01 5.752519897439526E+01 3.314694377943039E+02 1.137634227641533E+02 3.435402144177513E+02 2.266920324674456E+02 3.950127457212992E-01 350.954437327 -34.744325900 351.245507425 -34.621033862 16.568 146.2953 32.5409 32.5383
2459802.0498707299 7.702823917239018E-01 -6.309107754620973E-01 -2.928523498502012E-01 7.394396642142527E-01 -6.259952085531841E-01 -2.711598406130630E-01 -9.063141258138053E-03 1.200628851038098E-03 7.383210296390811E-04 1.840432414486003E+00 8.814855864101512E-01 5.752523927522088E+01 3.314694208378635E+02 1.137635184427504E+02 3.435427777971698E+02 2.266960161921906E+02 3.950166893490514E-01 350.939706633 -34.784220534 351.231885149 -34.660546426 16.560 146.2916 32.5485 32.5460
2459802.0568107297 7.702330928705626E-01 -6.308170515254522E-01 -2.927599690696948E-01 7.395193947557568E-01 -6.259138370509110E-01 -2.711249883639525E-01 -9.063146934436108E-03 1.200570672829268E-03 7.382964787078119E-04 1.840420171189709E+00 8.814849054777655E-01 5.752527966928537E+01 3.314694038460397E+02 1.137636140895435E+02 3.435453413188678E+02 2.267000009026688E+02 3.950206310965563E-01 350.924766240 -34.824363397 351.218012330 -34.700342162 16.552 146.2879 32.5562 32.5537
2459803.3245537295 7.610609772797288E-01 -6.135623391510941E-01 -2.758224582178792E-01 7.536694248486017E-01 -6.110971863581136E-01 -2.646898718210274E-01 -9.064173580448890E-03 1.189943196565287E-03 7.338115132758011E-04 1.838670405260636E+00 8.813822047614471E-01 5.753674573855767E+01 3.314647002330152E+02 1.137773022590864E+02 3.440212808644342E+02 2.274486521456681E+02 3.955846457698902E-01 341.549804586 -55.010969940 341.854548584 -54.888783824 14.552 137.1872 42.2936 42.2937
2459803.4260307294 7.603121440150756E-01 -6.121694898306739E-01 -2.744612561516708E-01 7.547721675332612E-01 -6.098960668296652E-01 -2.641683153162978E-01 -9.064254877612504E-03 1.189092520709323E-03 7.334524955052279E-04 1.838680264594316E+00 8.813792324451499E-01 5.753864469223883E+01 3.314639366078696E+02 1.137768608134193E+02 3.440614630491660E+02 2.275117498599665E+02 3.955814639803196E-01 337.681861610 -59.808475095 337.962901507 -59.700156252 14.358 133.7683 45.7475 45.7480
2459803.4264117293 7.603093282950333E-01 -6.121642569938368E-01 -2.744561438786009E-01 7.547764553396606E-01 -6.098915967941499E-01 -2.641663624943945E-01 -9.064255182600475E-03 1.189089326809387E-03 7.334511475519331E-04 1.838680423183484E+00 8.813792241321575E-01 5.753865249673087E+01 3.314639334749812E+02 1.137768575704300E+02 3.440616155127764E+02 2.275119889032792E+02 3.955814128010065E-01 337.662787386 -59.829372025 337.944322726 -59.720910166 14.357 133.7525 45.7634 45.7639
2459803.4267937294 7.603065051525720E-01 -6.121590103965329E-01 -2.744510181745765E-01 7.547807544540462E-01 -6.098871147854423E-01 -2.641644045359080E-01 -9.064255488387149E-03 1.189086124525907E-03 7.334497960604087E-04 1.838680583200832E+00 8.813792158183160E-01 5.753866032715291E+01 3.314639303317268E+02 1.137768543050857E+02 3.440617683897341E+02 2.275122285920820E+02 3.955813611608077E-01 337.643616904 -59.850342808 337.925646763 -59.741738887 14.356 133.7366 45.7794 45.7799
2459803.4271747293 7.603036893708579E-01 -6.121537775121609E-01 -2.744459058799474E-01 7.547850423639948E-01 -6.098826442730589E-01 -2.641624516935351E-01 -9.064255793371301E-03 1.189082930627393E-03 7.334484481076351E-04 1.838680743809635E+00 8.813792075471472E-01 5.753866814250755E+01 3.314639271945636E+02 1.137768510344602E+02 3.440619208795648E+02 2.275124676713513E+02 3.955813093297482E-01 337.624450395 -59.871277639 337.906971294 -59.762533340 14.356 133.7208 45.7954 45.7959
2459803.4275577297 7.603008587763751E-01 -6.121485171333114E-01 -2.744407667369615E-01 7.547893528351290E-01 -6.098781500519816E-01 -2.641604885892164E-01 -9.064256099954577E-03 1.189079719962903E-03 7.334470930789102E-04 1.838680906279972E+00 8.813791992535782E-01 5.753867600437334E+01 3.314639240387734E+02 1.137768477327155E+02 3.440620741833298E+02 2.275127080241501E+02 3.955812568979529E-01 337.605136590 -59.892341459 337.888148943 -59.783457350 14.355 133.7049 45.8115 45.8120
2459803.6241027294 7.588440764904067E-01 -6.094457060188524E-01 -2.718018878613753E-01 7.569959676970371E-01 -6.075391609706918E-01 -2.631516324725737E-01 -9.064413184784566E-03 1.187432096866338E-03 7.327517250264440E-04 1.838923920430344E+00 8.813768495096843E-01 5.754348723063790E+01 3.314619999879357E+02 1.137726382588383E+02 3.441427766267497E+02 2.276391439311178E+02 3.955028452796554E-01 314.103551381 -72.932267705 314.710411116 -72.824426003 14.090 122.0032 57.5639 57.5649
2459803.6247137296 7.588395346971981E-01 -6.094372933817263E-01 -2.717936792560331E-01 7.570027737095185E-01 -6.075317975330463E-01 -2.631484916671606E-01 -9.064413672351156E-03 1.187426974902606E-03 7.327495633203337E-04 1.838925232237174E+00 8.813768427393411E-01 5.754350454518246E+01 3.314619930870509E+02 1.137726149647497E+02 3.441430343812133E+02 2.276395489867218E+02 3.955024220787292E-01 313.943003004 -72.975185621 314.552078066 -72.867588473 14.089 121.9535 57.6137 57.6147
2459803.6253007296 7.588351712265453E-01 -6.094292111271321E-01 -2.717857930494164E-01 7.570093118825364E-01 -6.075247229091161E-01 -2.631454742036891E-01 -9.064414140761956E-03 1.187422054126679E-03 7.327474865247076E-04 1.838926495890048E+00 8.813768361857547E-01 5.754352119097073E+01 3.314619864528503E+02 1.137725925113707E+02 3.441432820510440E+02 2.276399382159892E+02 3.955020144134248E-01 313.787773134 -73.016360885 314.398991102 -72.909001629 14.089 121.9057 57.6615 57.6626
2459803.6258657295 7.588309712220667E-01 -6.094214317279810E-01 -2.717782023788052E-01 7.570156045467831E-01 -6.075179130471180E-01 -2.631425698055735E-01 -9.064414591613232E-03 1.187417317774763E-03 7.327454875644773E-04 1.838927715302517E+00 8.813768298316248E-01 5.754353722335318E+01 3.314619800632574E+02 1.137725708306652E+02 3.441435204752862E+02 2.276403129352374E+02 3.955016210211201E-01 313.637440560 -73.055939029 314.250734689 -72.948811507 14.089 121.8597 57.7077 57.7087
