37655J94P00M 3A1994 08 01.32864 21 57 21.64 -00 55 44.5                 23822675
37655J94P00M*3A1994 08 01.35850 21 57 18.82 -00 56 24.3          16.5   23822675
37655J94P00M 3A1994 08 02.32326 21 55 52.06 -01 19 35.3                 23822675
37655J94P00M 3A1994 08 02.35451 21 55 48.60 -01 20 23.3                 23822675
37655J94P00M 3A1994 08 07.30833 21 43 43.20 -04 32 45.5          15.5   23822675
37655J94P00M 3A1994 08 07.33732 21 43 36.41 -04 34 25.2                 23822675
37655J94P00M 2A1994 08 09.32135 21 34 55.80 -06 51 43.4          14.5   23822675
37655J94P00M 2A1994 08 09.33837 21 34 49.89 -06 53 09.5                 23822675
37655J94P00M  C1994 08 10.33509 21 28 54.92 -08 26 14.6                 23820657
37655J94P00M  C1994 08 10.33697 21 28 54.12 -08 26 26.3                 23820657
37655J94P00M  C1994 08 10.33868 21 28 53.41 -08 26 36.8                 23820657
37655J94P00M   1994 08 10.57432 21 27 16.08 -08 49 55.8                 23817474
37655J94P00M   1994 08 10.57987 21 27 13.51 -08 50 34.0                 23817474
37655J94P00M  C1994 08 10.91638 21 24 48.43 -09 30 23.5                z23811104
37655J94P00M  C1994 08 10.91794 21 24 47.63 -09 30 34.6                z23811104
37655J94P00M  C1994 08 10.92426 21 24 44.61 -09 31 20.0                z23811104
37655J94P00M  C1994 08 10.92833 21 24 42.64 -09 31 48.5                z23811104
37655J94P00M  C1994 08 10.94039 21 24 36.85 -09 33 14.7                z23811104
37655J94P00M  C1994 08 11.88975 21 16 25.38 -11 39 22.4                z23812111
37655J94P00M  C1994 08 11.89196 21 16 24.05 -11 39 42.2                z23812111
37655J94P00M  C1994 08 11.89435 21 16 22.62 -11 40 03.8                z23812111
37655J94P00M  C1994 08 11.89654 21 16 21.26 -11 40 23.3                z23812111
37655J94P00M  C1994 08 11.89856 21 16 20.01 -11 40 41.0                z23812111
37655J94P00M  C1994 08 12.02444 21 15 01.65 -11 59 46.9                z23819587
37655J94P00M  C1994 08 12.02734 21 14 59.81 -12 00 13.7                z23819587
37655J94P00M  C1994 08 12.14750 21 13 48.29 -12 18 59.2          14.3  z23845816
37655J94P00M  C1994 08 12.15486 21 13 43.47 -12 20 09.4          14.3  z23845816
37655J94P00M  C1994 08 12.16174 21 13 38.94 -12 21 15.1          14.1  z23845816
37655J94P00M  C1994 08 12.16381 21 13 37.57 -12 21 34.8          14.1  z23845816
37655J94P00M  C1994 08 12.16733 21 13 35.26 -12 22 08.5          14.0  z23845816
37655J94P00M  C1994 08 12.18124 21 13 26.00 -12 24 21.5                z23828801
37655J94P00M  C1994 08 12.18363 21 13 24.24 -12 24 43.9                z23828801
37655J94P00M  C1994 08 12.27148 21 12 25.57 -12 38 57.4          14.3  z23845816
37655J94P00M  C1994 08 12.27610 21 12 22.45 -12 39 42.4          14.1  z23845816
37655J94P00M  C1994 08 12.27941 21 12 20.19 -12 40 14.9          14.1  z23845816
37655J94P00M  C1994 08 12.28243 21 12 18.14 -12 40 44.5          14.1  z23845816
37655J94P00M   1994 08 12.41079 21 10 57.66 -13 00 05.5                 23817474
37655J94P00M   1994 08 12.41877 21 10 51.99 -13 01 27.0                 23817474
37655J94P00M  C1994 08 12.51678 21 09 44.44 -13 20 15.4                z23813398
37655J94P00M  C1994 08 12.51832 21 09 43.31 -13 20 31.6                z23813398
37655J94P00M  C1994 08 12.52294 21 09 39.93 -13 21 20.2                z23813398
37655J94P00M  C1994 08 12.96414 21 04 06.59 -14 43 15.2                z23819587
37655J94P00M  C1994 08 12.96545 21 04 05.48 -14 43 31.0                z23819587
37655J94P00M  C1994 08 12.96809 21 04 03.27 -14 44 02.2                z23819587
37655J94P00M   1994 08 13.56250 20 55 21.81 -16 48 40.1                 23812323
37655J94P00M  C1994 08 14.55275 20 36 06.09 -21 14 22.4                z23813398
37655J94P00M  C1994 08 14.55646 20 36 00.77 -21 15 30.0                z23813398
37655J94P00M  C1994 08 15.24835 20 17 31.22 -25 08 19.6          13.5 Vz23821670
37655J94P00M  C1994 08 15.25356 20 17 21.33 -25 10 15.8                z23821670
37655J94P00M  C1994 08 15.26050 20 17 08.11 -25 12 49.7                z23821670
37655J94P00M  C1994 08 15.27161 20 16 46.82 -25 16 57.2                z23821670
37655J94P00M  C1994 08 15.29175 20 16 08.01 -25 24 26.4                z23821670
37655J94P00M 1C1994 08 15.38683020 13 13.58 -25 57 45.4                 23815413
37655J94P00M 1C1994 08 15.39012020 13 07.03 -25 59 01.2                 23815413
37655J94P00M   1994 08 15.48611 20 09 47.06 -26 35 58.7                 23817474
37655J94P00M   1994 08 15.48924 20 09 40.65 -26 37 11.7                 23817474
37655J94P00M   1994 08 15.49123 20 09 36.43 -26 37 58.5                 23817474
37655J94P00M   1994 08 15.49479 20 09 29.00 -26 39 21.0                 23817474
37655J94P00M   1994 08 15.50694 20 09 11.14 -26 44 26.4                 23812323
37655J94P00M  C1994 08 15.57535 20 06 41.60 -27 14 09.1          12.9 Vz23813360
37655J94P00M  C1994 08 15.57813 20 06 35.51 -27 15 15.9                z23813360
37655J94P00M  C1994 08 15.58194 20 06 27.16 -27 16 47.7                z23813360
37655J94P00M 1C1994 08 15.59405120 05 57.98 -27 19 15.8                 23815413
37655J94P00M 1C1994 08 15.59603620 05 53.60 -27 20 03.5                 23815413
37655J94P00M   1994 08 15.71042 20 01 37.75 -28 05 25.9                 23817474
37655J94P00M   1994 08 15.71389 20 01 29.92 -28 06 50.8                 23817474
37655J94P00M 1C1994 08 15.73719320 00 35.65 -28 17 05.1                 23815413
37655J94P00M 1C1994 08 15.73894020 00 31.63 -28 17 47.6                 23815413
37655J94P00M   1994 08 16.35729 19 33 30.74 -32 51 37.5                 23817474
37655J94P00M   1994 08 16.35938 19 33 24.28 -32 52 36.3                 23817474
37655J94P00M   1994 08 16.36053 19 33 20.71 -32 53 08.2                 23817474
37655J94P00M 1C1994 08 16.38005119 32 24.16 -33 02 39.2                 23815413
37655J94P00M 1C1994 08 16.38196119 32 18.18 -33 03 33.4                 23815413
37655J94P00M   1994 08 16.50497 19 25 46.17 -34 01 39.0                 23812323
37655J94P00M 1C1994 08 16.52362519 24 37.20 -34 10 39.5                 23815413
37655J94P00M 1C1994 08 16.52530219 24 31.54 -34 11 27.2                 23815413
37655J94P00M 1C1994 08 16.68113019 15 29.79 -35 25 00.4                 23815413
37655J94P00M 1C1994 08 16.68282319 15 23.75 -35 25 48.2                 23815413
37655J94P00M 1C1994 08 16.72514419 12 51.36 -35 45 44.2                 23815413
37655J94P00M 1C1994 08 16.72685219 12 45.15 -35 46 32.4                 23815413
37655J94P00M 1C1994 08 17.37964818 27 09.95 -40 56 22.0                 23815413
37655J94P00M 1C1994 08 17.38173318 26 59.66 -40 57 18.7                 23815413
37655J94P00M 1C1994 08 17.58111118 09 55.25 -42 23 12.0                 23815413
37655J94P00M 1C1994 08 17.58290218 09 45.70 -42 23 55.8                 23815413
37655J94P00M 1C1994 08 17.64155818 04 31.77 -42 47 20.7                 23815413
37655J94P00M 1C1994 08 17.64326618 04 22.53 -42 48 01.0                 23815413
37655J94P00M 1C1994 08 26.37196 11 25 57.27 -21 34 13.9                 23902413
37655J94P00M 1C1994 08 26.38101 11 25 53.10 -21 33 17.4                 23902413
37655J94P00M 1C1995 03 29.79606 18 08 22.06 -02 32 24.1                 24957413
37655J94P00M 1C1995 03 30.77150 18 08 29.96 -02 24 09.1                 24957413
37655J94P00M 1C1995 03 30.77628 18 08 30.00 -02 24 06.9                 24957413
37655J94P00M 1C1996 06 08.82385 01 29 39.12 +07 37 04.6                 27370413
37655J94P00M 1C1996 06 08.82632 01 29 40.04 +07 37 07.8                 27370413
37655J94P00M 1C1996 06 09.79056 01 35 30.72 +07 57 53.4                 27370413
37655J94P00M  C2000 04 15.07779 18 01 49.82 +82 24 52.8                cb1776118
37655J94P00M  C2000 04 15.08133 18 01 31.30 +82 24 44.9                cb1776118
37655J94P00M  C2000 04 15.08265 18 01 24.35 +82 24 42.1          17.1 Rcb1776118
37655J94P00M  C2000 05 01.55729 13 33 05.97 +53 11 59.9                 b3474360
37655J94P00M  C2000 05 01.55972 13 33 05.75 +53 11 48.0                 b3474360
37655J94P00M  C2000 05 01.56215 13 33 05.43 +53 11 36.1                 b3474360
37655J94P00M  C2001 06 21.05633 19 41 46.86 -02 28 28.2          20.9 Vcd2101493
37655J94P00M  C2001 06 21.06073 19 41 46.49 -02 28 27.9                cd2101493
37655J94P00M  C2001 07 24.24205 18 34 27.83 -05 30 26.1          15.9 Rdd2722711
37655J94P00M  C2001 07 24.25413 18 34 26.70 -05 30 24.3          21.4 Rdd2722711
37655J94P00M IC2001 07 24.26502 18 34 25.28 -05 30 30.1          19.2 Rdd2722711
37655J94P00M HC2002 03 15.49118 17 47 42.88 -00 11 41.7          20.9 Vdf1285291
37655J94P00M HC2002 03 15.49792 17 47 42.96 -00 11 36.3          20.3 Vdf1285291
37655J94P00M HC2002 03 15.50204 17 47 43.01 -00 11 32.1          20.7 Vdf1285291
37655        5C2003 06 07.43426 21 50 01.32 -01 18 52.4          20.0 Rci1120673
37655        5C2003 06 07.44039 21 50 01.67 -01 18 50.1                ci1120673
37655        5C2003 06 07.44653 21 50 02.06 -01 18 47.1                ci1120673
37655        5C2003 06 07.45266 21 50 02.51 -01 18 45.2                ci1120673
37655        5C2003 06 07.45880 21 50 02.82 -01 18 42.2                ci1120673
37655        5C2003 06 07.46493 21 50 03.08 -01 18 39.9                ci1120673
37655        5C2003 06 08.43345 21 51 01.12 -01 12 03.2          20.0 Rci1120673
37655        5C2003 06 08.44063 21 51 01.50 -01 12 00.4                ci1120673
37655        5C2003 06 08.44676 21 51 01.90 -01 11 57.6                ci1120673
37655        5C2003 06 08.46516 21 51 03.04 -01 11 49.4                ci1120673
37655        5C2003 06 08.46898 21 51 03.25 -01 11 48.2                ci1120673
37655        5C2003 06 08.47234 21 51 03.44 -01 11 46.7                ci1120673
37655         C2003 07 09.37571 22 18 15.31 +01 42 27.2          18.5  ci2192644
37655         C2003 07 09.39409 22 18 16.08 +01 42 30.9          18.5  ci2192644
37655         C2003 07 09.40817 22 18 16.68 +01 42 33.8          18.6  ci2192644
37655         C2003 07 20.07157 22 26 29.03 +02 02 34.5          17.6 Rdi2333170
37655         C2003 07 20.07388 22 26 29.13 +02 02 34.6          17.9 Rdi2333170
37655         C2003 07 23.45248 22 29 12.35 +01 58 26.8          17.5  ci2333644
37655         C2003 07 23.46381 22 29 12.84 +01 58 25.1          16.9  ci2333644
37655         C2003 07 23.47520 22 29 13.32 +01 58 23.5          16.4  ci2333644
37655         C2003 07 25.03862 22 30 34.03 +01 53 42.1          16.9 Rdi2333941
37655         C2003 07 25.03907 22 30 34.06 +01 53 41.9          16.9 Rdi2333941
37655         C2003 07 25.03998 22 30 34.10 +01 53 41.7          16.9 Rdi2333941
37655         C2003 07 25.04044 22 30 34.12 +01 53 41.6          16.9 Rdi2333941
37655         C2003 07 25.04090 22 30 34.14 +01 53 41.6          16.9 Rdi2333941
37655         C2003 07 26.94705 22 32 17.66 +01 45 00.4          17.3 Vci2542130
37655         C2003 07 26.95012 22 32 17.80 +01 44 59.5          17.0 Vci2542130
37655         C2003 07 26.95319 22 32 17.98 +01 44 58.4          17.0 Vci2542130
37655         C2003 07 26.95627 22 32 18.08 +01 44 57.5          17.4 Vci2542130
37655         C2003 07 27.03921 22 32 22.07 +01 44 28.2                di2542557
37655         C2003 07 27.04365 22 32 22.28 +01 44 26.8                di2542557
37655         C2003 07 27.05699 22 32 22.94 +01 44 22.4                di2542557
37655         C2003 07 29.01207 22 34 19.16 +01 31 01.1                ci2926204
37655         C2003 07 29.01609 22 34 19.40 +01 30 58.7          16.3 Rci2926204
37655         C2003 07 29.02179 22 34 19.67 +01 30 55.9                ci2926204
37655         C2003 07 29.02937 22 34 20.09 +01 30 52.1          16.4 Rci2926204
37655         C2003 07 29.96980 22 35 21.01 +01 22 27.9          16.2 Rci2542196
37655         C2003 07 29.98891 22 35 22.14 +01 22 16.5          16.3 Rci2542196
37655         C2003 07 30.02265 22 35 24.11 +01 21 56.6          16.3 Rci2542196
37655         C2003 08 01.33875 22 38 12.68 +00 54 14.3          16.2  ci2835704
37655         C2003 08 01.34916 22 38 13.39 +00 54 05.5          16.3  ci2835704
37655         C2003 08 01.35959 22 38 14.09 +00 53 56.3          16.2  ci2835704
37655         C2003 08 01.36996 22 38 14.79 +00 53 47.4          16.3  ci2835704
37655         C2003 08 01.38035 22 38 15.49 +00 53 38.2          16.2  ci2835704
37655         C2003 08 01.90015 22 38 59.84 +00 45 34.1          16.6 Vai2835589
37655         C2003 08 01.91044 22 39 00.64 +00 45 24.1          16.6 Vai2835589
37655         C2003 08 01.92412 22 39 01.70 +00 45 10.8          16.7 Vai2835589
37655         C2003 08 01.93667 22 39 02.64 +00 44 58.8          16.7 Vai2835589
37655         C2003 08 01.95771 22 39 04.22 +00 44 38.9                ci2835108
37655         C2003 08 01.95877 22 39 04.43 +00 44 33.2          16.7 Vci2835J93
37655         C2003 08 01.95984 22 39 04.39 +00 44 36.6                ci2835108
37655         C2003 08 01.96020 22 39 04.62 +00 44 32.8          16.4 Vci2835J93
37655         C2003 08 01.96162 22 39 04.65 +00 44 31.3          16.4 Vci2835J93
37655         C2003 08 01.96215 22 39 04.59 +00 44 31.1                ci2835108
37655         C2003 08 01.96516 22 39 04.79 +00 44 31.5          16.2 Vci2835108
37655         C2003 08 01.96969 22 39 05.37 +00 44 22.6          16.7 Vci2835J93
37655         C2003 08 01.97186 22 39 05.47 +00 44 21.9          16.5 Vci2835J93
37655         C2003 08 01.98845 22 39 06.38 +00 44 05.2                di2835557
37655         C2003 08 02.00174 22 39 07.38 +00 43 52.2                di2835557
37655         C2003 08 02.05656 22 39 11.51 +00 42 58.2                di2835557
37655         C2003 08 02.06542 22 39 12.17 +00 42 49.4                di2835557
37655         C2003 08 02.92720 22 40 31.14 +00 27 27.8                ci2835246
37655         C2003 08 02.92818 22 40 31.23 +00 27 26.7                ci2835246
37655         C2003 08 02.92884 22 40 31.28 +00 27 26.1                ci2835246
37655         C2003 08 02.92966 22 40 31.35 +00 27 25.4                ci2835246
37655         C2003 08 02.93175 22 40 31.85 +00 27 20.8          15.9 Vci2835J93
37655         C2003 08 02.93317 22 40 31.94 +00 27 19.4          16.1 Vci2835J93
37655         C2003 08 02.93391 22 40 31.70 +00 27 19.3                di2835557
37655         C2003 08 02.93459 22 40 32.03 +00 27 17.7          16.1 Vci2835J93
37655         C2003 08 02.97104 22 40 34.99 +00 26 37.3          15.6 Rci2835215
37655         C2003 08 02.97132 22 40 35.03 +00 26 36.9          15.5 Rci2835215
37655         C2003 08 02.97160 22 40 35.08 +00 26 37.0          15.7 Rci2835215
37655         C2003 08 02.99148 22 40 36.58 +00 26 12.6                di2835557
37655         C2003 08 03.02027 22 40 39.00 +00 25 38.7                di2835557
37655         C2003 08 03.07119 22 40 43.29 +00 24 38.8                di2835557
37655         C2003 08 03.93860 22 42 12.41 +00 06 08.4                di2835557
37655         C2003 08 03.98275 22 42 16.64 +00 05 07.0                di2835557
37655         C2003 08 04.01596 22 42 19.82 +00 04 20.5                di2835557
37655         C2003 08 04.04253 22 42 22.37 +00 03 43.1                di2835557
37655         C2003 08 04.92299 22 44 04.77 -00 18 45.2                di2835557
37655         C2003 08 04.94653 22 44 07.39 -00 19 24.5                di2835557
37655         C2003 08 04.97170 22 44 10.18 -00 20 06.6                di2835557
37655         C2003 08 05.04339 22 44 18.11 -00 22 07.7                di2835557
37655         C2003 08 05.05933 22 44 20.12 -00 22 34.0          15.6 Vci2835198
37655         C2003 08 05.06006 22 44 20.20 -00 22 35.3          15.6 Vci2835198
37655         C2003 08 05.07117 22 44 21.45 -00 22 54.2          15.6 Vci2835198
37655         C2003 08 05.32876 22 44 55.17 -00 30 15.9          15.5  ci2835704
37655         C2003 08 05.33929 22 44 56.35 -00 30 34.9          15.8  ci2835704
37655         C2003 08 05.34979 22 44 57.53 -00 30 53.7          15.7  ci2835704
37655         C2003 08 05.36030 22 44 58.71 -00 31 12.6          15.6  ci2835704
37655         C2003 08 05.37083 22 44 59.86 -00 31 31.3          16.5  ci2835704
37655         C2003 08 05.98228 22 46 24.79 -00 51 20.9          15.5 Vci2835J93
37655         C2003 08 05.98590 22 46 25.24 -00 51 27.9          15.5 Vci2835J93
37655         C2003 08 05.98733 22 46 25.46 -00 51 31.4          15.3 Vci2835J93
37655         C2003 08 06.62855 22 48 02.73 -01 14 42.8          15.9 Vmi2835379
37655         C2003 08 06.63005 22 48 02.94 -01 14 46.3          16.0 Vmi2835379
37655         C2003 08 06.63154 22 48 03.17 -01 14 49.7          16.0 Vmi2835379
37655         C2003 08 06.63453 22 48 03.60 -01 14 56.8          15.8 Vmi2835379
37655         C2003 08 06.63840 22 48 04.14 -01 15 05.9          16.1 Vmi2835379
37655         C2003 08 06.87183 22 48 43.83 -01 24 32.2          15.9 Vai2926589
37655         C2003 08 06.88753 22 48 46.32 -01 25 10.9          15.7 Vai2926589
37655         C2003 08 06.91490 22 48 50.63 -01 26 18.9          15.5 Vai2926589
37655         C2003 08 06.93362 22 48 53.54 -01 27 05.6          15.5 Vai2926589
37655         C2003 08 07.00030 22 49 03.98 -01 29 56.8          15.0 Vci2835198
37655         C2003 08 07.01194 22 49 05.79 -01 30 26.4          15.0 Vci2835198
37655         C2003 08 07.02475 22 49 07.78 -01 30 59.0          15.1 Vci2835198
37655         C2003 08 07.03677 22 49 09.66 -01 31 29.6          15.2 Vci2835198
37655         C2003 08 07.04723 22 49 11.29 -01 31 56.3          15.3 Vci2835198
37655         C2003 08 07.93423 22 52 00.58 -02 13 44.6                ci2835246
37655         C2003 08 07.93576 22 52 00.87 -02 13 49.3                ci2835246
37655         C2003 08 07.93726 22 52 01.18 -02 13 54.3                ci2835246
37655         C2003 08 07.93829 22 52 01.36 -02 13 57.3                ci2835246
37655         C2003 08 07.93965 22 52 01.63 -02 14 01.5                ci2835246
37655         C2003 08 07.94259 22 52 02.19 -02 14 10.9                ci2835246
37655         C2003 08 08.05552 22 52 24.61 -02 20 03.6          14.3 Rdi2835170
37655         C2003 08 08.05675 22 52 24.82 -02 20 07.7          14.3 Rdi2835170
37655         C2003 08 08.05756 22 52 24.97 -02 20 09.7          14.6 Rdi2835170
37655         C2003 08 08.06001 22 52 25.42 -02 20 18.0          14.4 Rdi2835170
37655         C2003 08 08.87297 22 55 37.24 -03 08 30.3          15.2 Vai2926589
37655         C2003 08 08.89284 22 55 42.07 -03 09 48.7          15.0 Vai2926589
37655         C2003 08 08.92053 22 55 48.79 -03 11 39.0          15.1 Vai2926589
37655         C2003 08 08.93619 22 55 52.57 -03 12 41.7          15.2 Vai2926589
37655         C2003 08 08.94479 22 55 54.66 -03 13 17.5          14.8 Vci2926130
37655         C2003 08 08.96339 22 55 59.16 -03 14 32.6          14.5 Vci2926130
37655         C2003 08 08.97381 22 56 01.72 -03 15 14.8                ci2926130
37655         C2003 08 08.97653 22 56 03.30 -03 15 20.9          14.4 Rdi2927J87
37655         C2003 08 08.97905 22 56 03.88 -03 15 31.2          14.4 Rdi2927J87
37655         C2003 08 08.97976 22 56 03.12 -03 15 39.0          14.7 Vci2927130
37655         C2003 08 08.98111 22 56 04.28 -03 15 39.0          15.5 Rdi2927J87
37655         C2003 08 08.99241 22 56 06.17 -03 16 29.9                ci2927130
37655         C2003 08 08.99834 22 56 07.62 -03 16 54.3          14.6 Vci2927130
37655         C2003 08 09.01015 22 56 10.47 -03 17 42.4          14.6 Vci2927130
37655         C2003 08 09.01687 22 56 12.08 -03 18 09.7                ci2927130
37655         C2003 08 09.02953 22 56 15.15 -03 19 01.6          14.7 Vci2927130
37655         C2003 08 09.03922 22 56 17.54 -03 19 41.2                ci2927130
37655         C2003 08 09.04890 22 56 19.90 -03 20 21.1          14.6 Vci2927130
37655         C2003 08 09.11566 22 56 36.36 -03 24 57.9          14.4 Rci2927130
37655         C2003 08 09.95844 23 00 54.29 -04 31 00.6          14.2 Vci2927130
37655         C2003 08 09.97153 23 00 58.45 -04 32 09.8          14.4 Vci2927130
37655         C2003 08 09.98578 23 01 02.96 -04 33 25.5          14.2 Vci2927130
37655         C2003 08 10.00263 23 01 08.33 -04 34 55.8          14.3 Vci2927130
37655         C2003 08 10.01645 23 01 13.31 -04 36 05.4          14.3 Rdi2927170
37655         C2003 08 10.01823 23 01 13.80 -04 36 14.4          14.4 Rdi2927170
37655         C2003 08 10.01847 23 01 13.38 -04 36 20.6          14.3 Vci2927130
37655         C2003 08 10.03209 23 01 17.74 -04 37 34.2          14.5 Vci2927130
37655         C2003 08 10.04002 23 01 20.26 -04 38 17.0          14.5 Vci2927130
37655         C2003 08 10.04311 23 01 21.84 -04 38 29.8          14.3 Rdi2927170
37655         C2003 08 10.04514 23 01 22.50 -04 38 40.4          14.2 Rdi2927170
37655         C2003 08 10.04781 23 01 23.34 -04 38 54.3          14.3 Rdi2927170
37655         C2003 08 10.05409 23 01 24.78 -04 39 33.3          14.3 Rci2927130
37655         C2003 08 11.00238 23 07 45.96 -06 19 02.8          13.6 Vci2927240
37655         C2003 08 11.00302 23 07 46.24 -06 19 07.1          13.6 Vci2927240
37655         C2003 08 11.00333 23 07 46.37 -06 19 09.6          13.4 Vci2927240
37655         C2003 08 11.00365 23 07 46.52 -06 19 12.2          13.6 Vci2927240
37655         C2003 08 11.00428 23 07 46.80 -06 19 16.5          13.9 Vci2927240
37655         C2003 08 11.00491 23 07 47.07 -06 19 21.4          13.9 Vci2927240
37655         C2003 08 11.00554 23 07 47.34 -06 19 25.9          13.8 Vci2927240
37655         C2003 08 11.00649 23 07 47.75 -06 19 32.8          13.8 Vci2927240
37655         C2003 08 11.00744 23 07 48.18 -06 19 39.7          13.8 Vci2927240
37655         C2003 08 11.00997 23 07 49.29 -06 19 58.1          13.6 Vci2927240
37655         C2003 08 11.57431 23 12 34.54 -07 35 03.2          14.0  ci2927608
37655         C2003 08 11.58479 23 12 40.06 -07 36 36.0          14.0  ci2927608
37655         C2003 08 11.59528 23 12 45.61 -07 38 09.1          14.0  ci2927608
37655         C2003 08 11.97868 23 16 46.43 -08 40 04.4          13.2 Rci3139204
37655         C2003 08 11.97952 23 16 47.00 -08 40 13.7          13.1 Rci3139204
37655         C2003 08 11.98037 23 16 47.54 -08 40 21.8          13.0 Rci3139204
37655         C2003 08 11.98121 23 16 48.00 -08 40 30.8                ci3139204
37655         C2003 08 12.20275 23 19 23.32 -09 20 01.4          13.3 Rri2927649
37655         C2003 08 12.20429 23 19 24.41 -09 20 19.0          13.4 Rri2927649
37655         C2003 08 12.20582 23 19 25.48 -09 20 36.1          13.1 Rri2927649
37655         C2003 08 13.22320 23 34 55.98 -13 18 07.7          12.9 Rri2927649
37655         C2003 08 13.22399 23 34 56.88 -13 18 21.8          12.9 Rri2927649
37655         C2003 08 13.22479 23 34 57.76 -13 18 35.6          13.0 Rri2927649
37655         C2003 08 13.22559 23 34 58.67 -13 18 49.5          12.9 Rri2927649
37655         C2003 08 13.22638 23 34 59.56 -13 19 03.4          12.9 Rri2927649
37655         C2003 08 13.22718 23 35 00.45 -13 19 17.4          12.9 Rri2927649
37655         C2003 08 13.99748 23 53 32.66 -17 49 45.1          12.1 Rci2927938
37655         C2003 08 13.99818 23 53 34.05 -17 50 05.8          12.2 Rci2927938
37655         C2003 08 13.99888 23 53 35.19 -17 50 22.5          12.2 Rci2927938
37655         C2003 08 13.99958 23 53 36.36 -17 50 40.8          12.0 Rci2927938
37655         C2003 08 14.00029 23 53 37.62 -17 50 59.1          12.0 Rci2927938
37655         C2003 08 14.00442 23 53 44.85 -17 52 44.0          12.2 Rci2927938
37655         C2003 08 14.00513 23 53 46.06 -17 53 02.3          12.2 Rci2927938
37655         C2003 08 14.00583 23 53 47.31 -17 53 21.4          12.3 Rci2927938
37655         C2003 08 14.00654 23 53 48.64 -17 53 39.7          12.3 Rci2927938
37655         C2003 08 14.00725 23 53 49.79 -17 53 56.4          12.0 Rci2927938
37655         C2003 08 14.12244 23 57 16.91 -18 44 33.1          12.5 Roi2927620
37655         C2003 08 14.12472 23 57 21.17 -18 45 34.4          12.4 Roi2927620
37655         C2003 08 14.12696 23 57 25.41 -18 46 35.0          12.5 Roi2927620
37655         C2009 04 10.01153 19 45 17.73 +67 59 55.0          17.0 Vo~06URA74
37655         C2009 04 10.02223 19 44 58.41 +68 00 31.6          17.7 Vo~06URA74
37655         C2009 04 10.03292 19 44 39.09 +68 01 08.7          17.6 Vo~06URA74
37655         C2009 04 20.95734 15 27 20.84 +61 35 24.3          18.1 Vo~06URA74
37655         C2009 04 20.98048 15 27 03.77 +61 33 36.9          18.3 Vo~06URA74
37655         C2009 04 21.00184 15 26 48.06 +61 31 57.6          18.2 Vo~06URA74
37655         C2009 04 21.02320 15 26 32.36 +61 30 17.9          18.1 Vo~06URA74
37655         C2009 04 21.04455 15 26 16.72 +61 28 37.7          18.0 Vo~06URA74
37655         C2009 04 25.38222 14 46 22.22 +55 53 08.8          18.1 Vr~06lN703
37655         C2009 04 25.38855 14 46 19.41 +55 52 40.0          17.9 Vr~06lN703
37655         C2009 04 25.39491 14 46 16.68 +55 52 10.7          17.9 Vr~06lN703
37655         C2009 04 25.40129 14 46 14.01 +55 51 42.0          18.0 Vr~06lN703
37655         C2009 05 13.30270 13 48 36.07 +38 05 34.5          18.6 Vr~06vF703
37655         C2009 05 13.30942 13 48 35.46 +38 05 16.4          18.8 Vr~06vF703
37655         C2009 05 13.31603 13 48 34.95 +38 04 58.2          18.9 Vr~06vF703
37655         C2009 05 13.32278 13 48 34.45 +38 04 39.6          18.7 Vr~06vF703
37655         C2009 05 17.29610 13 44 24.90 +35 11 59.7          19.0 Vr~074R703
37655         C2009 05 17.30524 13 44 24.43 +35 11 36.2          19.2 Vr~074R703
37655         C2009 05 17.31426 13 44 23.89 +35 11 14.3          19.4 Vr~074R703
37655         C2009 05 17.32338 13 44 23.42 +35 10 52.0          19.1 Vr~074R703
37655         C2009 05 19.86161 13 42 29.83 +33 29 07.8          18.6 Vr~074R240
37655         C2009 05 19.86345 13 42 29.75 +33 29 03.6          18.7 Vr~074R240
37655         C2009 05 19.86714 13 42 29.59 +33 28 55.3          19.1 Vr~074R240
37655         C2009 05 19.86899 13 42 29.53 +33 28 50.9          19.0 Vr~074R240
37655        KC2012 07 05.33374022 38 30.93 +02 19 10.6          19.9 Vu~0hpQH21
37655        KC2012 07 05.33859222 38 31.37 +02 19 12.7                u~0hpQH21
37655        KC2012 07 05.34332122 38 31.78 +02 19 14.2          19.4 Vu~0hpQH21
37655        KC2012 07 07.04513 22 41 14.27 +02 30 27.1          18.5 Ru~0hlb160
37655        KC2012 07 07.04653 22 41 14.39 +02 30 27.9          18.1 Ru~0hlb160
37655        KC2012 07 07.04792 22 41 14.52 +02 30 28.4          18.3 Ru~0hlb160
37655        KC2012 07 07.04931 22 41 14.67 +02 30 29.1          18.1 Ru~0hlb160
37655         C2012 07 14.38050 22 54 35.88 +03 17 05.4          18.6  c~0hpQ704
37655         C2012 07 14.39116 22 54 37.14 +03 17 09.8          18.8  c~0hpQ704
37655         C2012 07 14.40186 22 54 38.42 +03 17 13.5          18.8  c~0hpQ704
37655         C2012 07 14.41272 22 54 39.68 +03 17 17.7          18.9  c~0hpQ704
37655         C2012 07 14.42327 22 54 40.97 +03 17 21.9          19.0  c~0hpQ704
37655        KC2012 07 16.01617 22 58 07.27 +03 26 59.5          18.0 Ru~0hpQ160
37655        KC2012 07 16.01826 22 58 07.56 +03 26 59.9          18.0 Ru~0hpQ160
37655        KC2012 07 16.02034 22 58 07.84 +03 27 01.0          18.1 Ru~0hpQ160
37655        KC2012 07 17.04729 23 00 28.97 +03 33 11.2          17.7 Ru~0htr160
37655        KC2012 07 17.04935 23 00 29.25 +03 33 11.7          17.8 Ru~0htr160
37655        KC2012 07 17.05140 23 00 29.47 +03 33 12.8          17.9 Ru~0htr160
37655        KC2012 07 18.04438 23 02 53.40 +03 39 05.9          17.7 Ru~0hpQ160
37655        KC2012 07 18.04645 23 02 53.70 +03 39 06.5          17.9 Ru~0hpQ160
37655        KC2012 07 18.04851 23 02 54.00 +03 39 07.2          17.9 Ru~0hpQ160
37655        KC2012 07 19.01428 23 05 21.82 +03 44 47.5          17.6 Ru~0hpQ160
37655        KC2012 07 19.01633 23 05 22.13 +03 44 48.2          17.6 Ru~0hpQ160
37655        KC2012 07 19.01838 23 05 22.46 +03 44 49.1          17.6 Ru~0hpQ160
37655         C2012 07 21.38662 23 12 02.80 +03 58 34.5          18.2  c~0htr704
37655         C2012 07 21.39767 23 12 04.84 +03 58 36.4          17.8  c~0htr704
37655         C2012 07 21.40874 23 12 06.80 +03 58 41.4          18.4  c~0htr704
37655         C2012 07 21.41985 23 12 08.71 +03 58 44.6          18.3  c~0htr704
37655         C2012 07 21.43142 23 12 10.73 +03 58 47.8          18.4  c~0htr704
37655        KC2012 07 28.06083 23 38 49.30 +04 35 16.5          16.6 Ru~0hx3160
37655        KC2012 07 28.06246 23 38 49.81 +04 35 17.0          16.6 Ru~0hx3160
37655        KC2012 07 28.06411 23 38 50.32 +04 35 17.4          16.5 Ru~0hx3160
37655         C2012 07 28.33078 23 40 17.67 +04 36 46.5          16.9 Ru~0hx3H45
37655         C2012 07 28.33169 23 40 17.96 +04 36 46.9          17.0 Ru~0hx3H45
37655         C2012 07 28.33242 23 40 18.20 +04 36 47.0          16.9 Ru~0hx3H45
37655         C2012 07 28.33329 23 40 18.48 +04 36 47.4          17.0 Ru~0hx3H45
37655         C2012 07 28.33438 23 40 18.83 +04 36 47.9          17.1 Ru~0hx3H45
37655        KC2012 07 29.03088 23 44 18.44 +04 40 24.6          16.5 Ru~0hx3160
37655        KC2012 07 29.03250 23 44 19.01 +04 40 25.1          16.5 Ru~0hx3160
37655        KC2012 07 29.03414 23 44 19.57 +04 40 25.6          16.4 Ru~0hx3160
37655        KC2012 07 30.01593 23 50 30.87 +04 45 32.5          16.4 Ru~0hx3160
37655        KC2012 07 30.01756 23 50 31.50 +04 45 32.9          16.2 Ru~0hx3160
37655        KC2012 07 30.01919 23 50 32.13 +04 45 33.4          16.1 Ru~0hx3160
37655         C2012 07 31.08014 23 58 04.22 +04 50 58.1          16.3 Ru~0i0X160
37655         C2012 07 31.08277 23 58 05.39 +04 50 59.0          16.2 Ru~0i0X160
37655         C2012 07 31.08535 23 58 06.53 +04 50 59.7          16.3 Ru~0i0X160
37655        KC2012 08 01.01833 00 05 38.90 +04 55 35.3          16.1 Ru~0i0X160
37655        KC2012 08 01.01998 00 05 39.74 +04 55 35.5          16.0 Ru~0i0X160
37655        KC2012 08 01.02162 00 05 40.56 +04 55 36.2          16.0 Ru~0i0X160
37655         C2012 08 02.03618 00 14 59.54 +05 00 20.3          16.5 Vu~0i0XC73
37655         C2012 08 02.03699 00 15 00.02 +05 00 20.5          16.4 Vu~0i0XC73
37655         C2012 08 02.03779 00 15 00.50 +05 00 20.9          16.5 Vu~0i0XC73
37655         C2012 08 02.03860 00 15 00.95 +05 00 21.0          16.5 Vu~0i0XC73
37655         C2012 08 02.03940 00 15 01.45 +05 00 21.3          16.4 Vu~0i0XC73
37655         C2012 08 02.04021 00 15 01.88 +05 00 21.5          16.5 Vu~0i0XC73
37655         C2012 08 02.04101 00 15 02.32 +05 00 21.9          16.4 Vu~0i0XC73
37655         C2012 08 02.04182 00 15 02.78 +05 00 21.9          16.5 Vu~0i0XC73
37655         C2012 08 02.04262 00 15 03.29 +05 00 22.2          16.5 Vu~0i0XC73
37655         C2012 08 02.04341 00 15 03.76 +05 00 22.3          16.6 Vu~0i0XC73
37655         C2012 08 02.04421 00 15 04.26 +05 00 22.5          16.5 Vu~0i0XC73
37655         C2012 08 02.04502 00 15 04.66 +05 00 22.6          16.7 Vu~0i0XC73
37655         C2012 08 02.04582 00 15 05.19 +05 00 23.2          16.6 Vu~0i0XC73
37655         C2012 08 02.04662 00 15 05.68 +05 00 23.0          16.7 Vu~0i0XC73
37655         C2012 08 02.04743 00 15 06.08 +05 00 23.6          16.4 Vu~0i0XC73
37655         C2012 08 02.04823 00 15 06.49 +05 00 22.7          16.5 Vu~0i0XC73
37655         C2012 08 02.04903 00 15 07.03 +05 00 23.9          16.7 Vu~0i0XC73
37655        KC2012 08 02.04915 00 15 07.69 +05 00 24.6          15.9 Ru~0i0X160
37655         C2012 08 02.04984 00 15 07.48 +05 00 24.2          16.6 Vu~0i0XC73
37655        KC2012 08 02.05127 00 15 08.92 +05 00 25.2          16.0 Ru~0i0X160
37655        KC2012 08 02.05341 00 15 10.17 +05 00 25.8          16.0 Ru~0i0X160
37655         C2012 08 02.34427500 18 06.12 +05 01 46.1          16.3 Vu~0i0XH21
37655         C2012 08 02.34521600 18 06.69 +05 01 46.3          16.3 Vu~0i0XH21
37655         C2012 08 02.34672700 18 07.60 +05 01 46.8          16.3 Vu~0i0XH21
37655         C2012 08 02.34956700 18 09.32 +05 01 47.4          16.3 Vu~0i0XH21
37655         C2012 08 02.35089400 18 10.12 +05 01 47.8          16.3 Vu~0i0XH21
37655         C2012 08 02.35240900 18 11.03 +05 01 48.2          16.4 Vu~0i0XH21
37655         C2012 08 02.35524300 18 12.75 +05 01 49.1          16.3 Vu~0i0XH21
37655         c2012 08 02.52249 00 19 58.110+05 02 46.27         16.5 yL~0i0XF51
37655         c2012 08 02.53495 00 20 05.817+05 02 49.62         16.5 zL~0i0XF51
37655         c2012 08 02.54636 00 20 12.873+05 02 52.56         16.5 zL~0i0XF51
37655        KC2012 08 03.03739 00 25 37.49 +05 04 37.4          15.8 Ru~0i0X160
37655        KC2012 08 03.03956 00 25 38.95 +05 04 38.2          15.9 Ru~0i0X160
37655        KC2012 08 03.04172 00 25 40.40 +05 04 38.5          16.0 Ru~0i0X160
37655        KC2012 08 04.01782 00 37 41.88 +05 08 12.4          15.9 Ru~0i0X160
37655        KC2012 08 04.02007 00 37 43.64 +05 08 12.8          15.9 Ru~0i0X160
37655        KC2012 08 04.02175 00 37 44.97 +05 08 13.0          15.7 Ru~0i0X160
37655        KC2012 08 05.05856 00 52 43.07 +05 10 56.8          15.6 Ru~0i0X160
37655        KC2012 08 05.05920 00 52 43.66 +05 10 56.8          15.7 Ru~0i0X160
37655        KC2012 08 05.05984 00 52 44.24 +05 10 57.2          15.6 Ru~0i0X160
37655        KC2012 08 06.06376 01 09 53.53 +05 11 57.8          15.4 Ru~0i0X160
37655        KC2012 08 06.06484 01 09 54.72 +05 11 57.7          15.5 Ru~0i0X160
37655        KC2012 08 06.06576 01 09 55.74 +05 11 57.8          15.5 Ru~0i0X160
37655        KC2012 08 12.14460 04 13 48.87 +03 29 32.2          15.9 Ru~0i6w160
37655        KC2012 08 12.14619 04 13 52.61 +03 29 28.1          16.0 Ru~0i6w160
37655        KC2012 08 12.14778 04 13 56.38 +03 29 24.6          15.8 Ru~0i6w160
37655         C2013 07 03.32659 16 26 18.938+02 38 49.79         21.6 wL~0t0nF51
37655         C2013 07 03.33876 16 26 18.069+02 38 44.91         21.7 wL~0t0nF51
37655         C2013 07 03.35091 16 26 17.198+02 38 40.25         21.8 wL~0t0nF51
37655         C2015 07 07.31520 17 13 17.284-00 37 52.20         21.5 wL~1UIFF51
37655         C2015 07 07.33935 17 13 15.178-00 38 00.07         21.6 wL~1UIFF51
37655         C2015 07 07.35153 17 13 14.139-00 38 03.80         22.0 wL~1UIFF51
37655         C2018 04 05.47465 19 15 39.34 +48 50 41.8                U~2bD0G96
37655         C2018 04 05.48156 19 15 33.32 +48 51 02.1          17.1 GU~2bD0G96
37655         C2018 04 05.48846 19 15 27.35 +48 51 22.4          17.4 GU~2bD0G96
37655         C2018 04 05.49740 19 15 19.59 +48 51 48.5          17.6 GU~2bD0G96
37655         S2018 04 08.67708118 29 47.119+50 45 00.76               L~6HujC51
37655         s2018 04 08.6770811 + 3230.2878 - 2630.5470 + 5441.2311   ~6HujC51
37655         S2018 04 08.67720818 29 46.982+50 45 01.98               L~6HujC51
37655         s2018 04 08.6772081 + 3269.1717 - 2685.4358 + 5391.1131   ~6HujC51
37655         S2018 04 08.80798418 27 55.296+50 48 04.25               L~6HujC51
37655         s2018 04 08.8079841 + 3239.3344 - 2627.4884 + 5437.3611   ~6HujC51
37655         C2018 04 09.46451 18 18 39.63 +51 01 42.2          16.6 GU~2bPE703
37655         C2018 04 09.46988 18 18 34.99 +51 01 48.8          16.9 GU~2bPE703
37655         C2018 04 09.47525 18 18 30.40 +51 01 54.7          16.9 GU~2bPE703
37655         C2018 04 09.48063 18 18 25.78 +51 02 00.6          16.4 GU~2bPE703
37655         C2018 04 12.45179 17 37 48.81 +51 26 03.5          17.6 GU~2bPE703
37655         C2018 04 12.45715 17 37 44.50 +51 26 03.6          17.5 GU~2bPE703
37655         C2018 04 12.46271 17 37 40.04 +51 26 03.2          17.5 GU~2bPE703
37655         C2018 04 12.46834 17 37 35.54 +51 26 02.8          17.5 GU~2bPE703
37655         C2018 04 12.58207 17 36 06.33 +51 25 56.7          17.6 oU~2bPET05
37655         C2018 04 12.59116 17 35 59.04 +51 25 55.6          17.6 oU~2bPET05
37655         C2018 04 12.60002 17 35 51.95 +51 25 54.8          17.5 oU~2bPET05
37655         C2018 04 12.60881 17 35 44.90 +51 25 53.9          17.5 oU~2bPET05
37655         C2018 04 15.37257 17 01 27.15 +50 59 59.7          17.8 GU~2bzu703
37655         C2018 04 15.38312 17 01 19.56 +50 59 50.6          17.5 GU~2bzu703
37655         C2018 04 15.38839 17 01 15.85 +50 59 45.8          17.6 GU~2bzu703
37655         C2018 04 15.39376 17 01 12.03 +50 59 40.8          17.6 GU~2bzu703
37655         C2018 04 15.39908 17 01 08.16 +50 59 35.8          17.7 GU~2bzu703
37655         C2018 04 15.40439 17 01 04.31 +50 59 30.1                U~2bzu703
37655         C2018 04 15.40971 17 01 00.51 +50 59 25.8          17.9 GU~2bzu703
37655         C2018 04 16.56140 16 47 53.21 +50 38 18.0          18.0 cU~2bzuT05
37655         C2018 04 16.57018 16 47 47.25 +50 38 07.1          17.9 cU~2bzuT05
37655         C2018 04 16.57624 16 47 43.09 +50 37 59.8          18.0 cU~2bzuT05
37655         C2018 04 16.57906 16 47 41.18 +50 37 56.2          17.9 cU~2bzuT05
37655         C2018 04 16.58509 16 47 37.09 +50 37 48.6          18.0 cU~2bzuT05
37655         C2018 04 16.58787 16 47 35.20 +50 37 44.8          18.1 cU~2bzuT05
37655         C2018 04 16.59386 16 47 31.14 +50 37 37.9          17.9 cU~2bzuT05
37655         C2018 04 16.60391 16 47 24.31 +50 37 24.8          18.1 cU~2bzuT05
37655         C2018 04 19.38963 16 18 46.20 +49 26 45.4          17.7 GU~2bzu703
37655         C2018 04 19.39502 16 18 43.02 +49 26 35.8          17.9 GU~2bzu703
37655         C2018 04 19.40041 16 18 39.90 +49 26 26.7          17.8 GU~2bzu703
37655         C2018 04 19.40599 16 18 36.64 +49 26 16.7          17.7 GU~2bzu703
37655         C2018 04 22.20848 15 54 01.11 +47 55 48.8          17.6 GU~2dJqW71
37655         C2018 04 22.21074 15 54 00.02 +47 55 44.3          17.9 GU~2dJqW71
37655         C2018 04 22.21800 15 53 56.44 +47 55 29.5          18.0 GU~2dJqW71
37655         C2018 04 22.22016 15 53 55.31 +47 55 24.9          17.6 GU~2dJqW71
37655         C2018 04 23.16515 15 46 31.61 +47 21 58.3          18.3 GU~2dJqW71
37655         C2018 04 23.16725 15 46 30.58 +47 21 53.5          18.0 GU~2dJqW71
37655         C2018 04 23.17713 15 46 26.01 +47 21 32.9          18.2 GU~2dJqW71
37655         C2018 04 23.17990 15 46 24.70 +47 21 26.9          17.8 GU~2dJqW71
37655         C2018 04 24.15803 15 39 11.82 +46 45 43.9          18.1 GU~2dJqW71
37655         C2018 04 24.15959 15 39 11.22 +46 45 40.7          18.1 GU~2dJqW71
37655         C2018 04 24.16128 15 39 10.52 +46 45 36.6          17.8 GU~2dJqW71
37655         C2018 04 24.16443 15 39 09.15 +46 45 29.5          17.9 GU~2dJqW71
37655         C2018 04 24.49637 15 36 47.17 +46 33 19.7          18.2 oU~2dJqT05
37655         C2018 04 24.50386 15 36 43.97 +46 33 03.3          17.8 oU~2dJqT05
37655         C2018 04 24.50571 15 36 43.12 +46 32 59.0          18.1 oU~2dJqT05
37655         C2018 04 24.51300 15 36 39.99 +46 32 42.5          17.9 oU~2dJqT05
37655         C2018 04 24.51442 15 36 39.39 +46 32 39.4          17.9 oU~2dJqT05
37655         C2018 04 24.52478 15 36 34.91 +46 32 15.9          18.0 oU~2dJqT05
37655         C2018 04 24.52574 15 36 34.50 +46 32 13.8          18.0 oU~2dJqT05
37655         C2018 04 24.53702 15 36 29.62 +46 31 48.4          18.1 oU~2dJqT05
37655         C2018 04 25.37805 15 30 46.38 +46 00 03.0          17.8 GU~2dJq703
37655         C2018 04 25.38363 15 30 44.12 +45 59 50.3          17.6 GU~2dJq703
37655         C2018 04 25.38915 15 30 41.89 +45 59 37.6          17.7 GU~2dJq703
37655         C2018 04 25.39464 15 30 39.66 +45 59 24.9          17.6 GU~2dJq703
37655         C2018 04 26.32420 15 24 41.54 +45 23 48.9          18.80gU~2dJqI41
37655         C2018 04 26.34028 15 24 35.27 +45 23 13.1          18.0 GU~2dJq703
37655         C2018 04 26.34614 15 24 32.98 +45 22 59.4          17.8 GU~2dJq703
37655         C2018 04 26.35102 15 24 31.22 +45 22 47.2          18.68gU~2dJqI41
37655         C2018 04 26.35197 15 24 30.84 +45 22 45.1          18.72gU~2dJqI41
37655         C2018 04 26.35227 15 24 30.58 +45 22 46.3          17.4 GU~2dJq703
37655         C2018 04 26.36325 15 24 26.52 +45 22 19.1          18.75gU~2dJqI41
37655        KC2018 04 29.13292 15 08 37.12 +43 34 09.1          18.4 GU~2dJqW34
37655        KC2018 04 29.14791 15 08 32.34 +43 33 34.9          18.3 GU~2dJqW34
37655        KC2018 04 29.15622 15 08 29.66 +43 33 15.8          18.3 GU~2dJqW34
37655         C2018 05 06.31361 14 38 22.17 +38 54 44.7          18.6 GU~2drnG96
37655         C2018 05 06.31883 14 38 21.09 +38 54 32.8          18.6 GU~2drnG96
37655         C2018 05 06.32404 14 38 20.02 +38 54 21.1          18.7 GU~2drnG96
37655         C2018 05 06.32923 14 38 18.93 +38 54 09.0          18.7 GU~2drnG96
37655         C2018 05 06.33133 14 38 18.48 +38 54 04.1          18.4 GU~2drn703
37655         C2018 05 06.33662 14 38 17.44 +38 53 52.2          18.5 GU~2drn703
37655         C2018 05 06.34190 14 38 16.32 +38 53 39.6          18.4 GU~2drn703
37655         C2018 05 06.34717 14 38 15.26 +38 53 28.0          18.4 GU~2drn703
37655         C2018 05 09.48090 14 28 47.84 +36 56 29.7          18.6 oU~2drnT05
37655         C2018 05 09.48556 14 28 47.04 +36 56 18.8          18.6 oU~2drnT05
37655         C2018 05 09.50345 14 28 44.03 +36 55 39.2          18.7 oU~2drnT05
37655         C2018 05 09.50608 14 28 43.55 +36 55 33.2          18.7 oU~2drnT05
37655         C2018 05 10.32658 14 26 33.20 +36 25 34.9          18.6 GU~2drn703
37655         C2018 05 10.33182 14 26 32.36 +36 25 23.2          18.6 GU~2drn703
37655         C2018 05 10.33707 14 26 31.56 +36 25 12.0          18.3 GU~2drn703
37655         C2018 05 10.34231 14 26 30.72 +36 25 00.5          18.3 GU~2drn703
37655         C2018 05 14.32798 14 17 25.73 +34 03 57.7          18.6 GU~2eQP703
37655         C2018 05 14.33322 14 17 25.03 +34 03 47.5          18.7 GU~2eQP703
37655         C2018 05 14.33847 14 17 24.35 +34 03 36.5          18.8 GU~2eQP703
37655         C2018 05 14.34372 14 17 23.68 +34 03 25.7          18.7 GU~2eQP703
37655         C2018 05 15.44259 14 15 16.87 +33 25 54.6          18.8 oU~2eQPT08
37655         C2018 05 15.45499 14 15 15.54 +33 25 29.6          19.0 oU~2eQPT08
37655         C2018 05 15.46621 14 15 14.10 +33 25 05.9          19.0 oU~2eQPT08
37655         C2018 05 15.47527 14 15 13.06 +33 24 47.7          19.0 oU~2eQPT08
37655         C2018 05 15.48946 14 15 11.41 +33 24 18.5          18.8 oU~2eQPT08
37655         C2018 05 19.29877 14 08 59.55 +31 18 31.2          19.0 GU~2exN703
37655         C2018 05 19.30400 14 08 59.05 +31 18 21.4          19.2 GU~2exN703
37655         C2018 05 19.30924 14 08 58.57 +31 18 11.2          18.9 GU~2exN703
37655         C2018 05 19.31448 14 08 58.11 +31 18 00.5          19.1 GU~2exN703
37655         C2018 05 19.42232 14 08 48.99 +31 14 35.1          19.0 oU~2exNT08
37655         C2018 05 19.43071 14 08 48.22 +31 14 18.6          19.0 oU~2exOT08
37655         C2018 05 19.43163 14 08 48.19 +31 14 16.8          19.2 oU~2exOT08
37655         C2018 05 19.43489 14 08 47.88 +31 14 11.9          18.8 oU~2exOT08
37655         C2018 05 19.44982 14 08 46.53 +31 13 41.2          18.8 oU~2exOT08
37655         C2018 05 23.22238 14 04 08.77 +29 16 01.3          19.5 GU~2exO703
37655         C2018 05 23.22764 14 04 08.40 +29 15 50.7          19.4 GU~2exO703
37655         C2018 05 23.23290 14 04 07.98 +29 15 42.2          19.4 GU~2exO703
37655         C2018 05 23.23817 14 04 07.69 +29 15 32.6          19.4 GU~2exO703
37655         C2018 05 24.17477 14 03 10.50 +28 47 19.2          19.5 GU~2exOG96
37655         C2018 05 24.17997 14 03 10.18 +28 47 09.7          19.1 GU~2exOG96
37655         C2018 05 24.18518 14 03 09.85 +28 47 00.4          19.4 GU~2exOG96
37655         C2018 05 24.19039 14 03 09.51 +28 46 51.2          19.6 GU~2exOG96
37655         C2018 06 03.24408 13 56 42.56 +24 06 55.8          20.2 GU~2fMN703
37655         C2018 06 03.24937 13 56 42.44 +24 06 46.0          20.5 GU~2fMN703
37655         C2018 06 03.25466 13 56 42.28 +24 06 38.7          19.7 GU~2fMN703
37655         C2018 06 03.25995 13 56 42.18 +24 06 30.4          19.5 GU~2fMN703
37655         C2018 06 09.27156 13 55 28.13 +21 36 49.1          19.1 GU~2flcG96
37655         C2018 06 09.27683 13 55 28.10 +21 36 41.8          20.1 GU~2flcG96
37655         C2018 06 09.28210 13 55 28.07 +21 36 33.8          20.1 GU~2flcG96
37655         C2018 07 10.29537 14 07 11.819+11 13 56.09         21.6 wU~2hoXF51
37655         C2018 07 10.30765 14 07 12.310+11 13 43.52         21.5 wU~2hoXF51
37655         C2018 07 10.31990 14 07 12.817+11 13 31.04         21.6 wU~2hoXF51
37655         C2019 06 03.51986 20 12 34.560-03 00 36.75         21.1 wU~4bXxF51
37655         C2019 06 03.53264 20 12 34.135-03 00 34.44         21.6 wU~4bXxF51
37655         C2019 06 03.54545 20 12 33.700-03 00 31.98         21.6 wU~4bXxF51
37655         C2019 06 03.55826 20 12 33.271-03 00 29.39         21.5 wU~4bXxF51
37655         C2019 06 10.47893 20 07 56.038-02 42 13.97         20.8 wU~37mKF52
37655         C2019 06 10.49122 20 07 55.403-02 42 12.46         21.1 wU~37mKF52
37655         C2019 07 28.26918118 39 06.38 -06 19 38.3          19.52rU~3AQcI41
37655         C2019 07 28.27244018 39 05.88 -06 19 40.8          19.61rU~3AQcI41
37655         C2020 04 19.54352 17 31 53.273+06 27 24.85         20.7 wU~3r4PF51
37655         C2020 04 19.55478 17 31 52.369+06 27 33.02         20.7 wU~3r4PF51
37655         C2020 04 19.57741 17 31 50.552+06 27 49.51         20.9 wU~3r4PF51
37655         C2020 04 22.58476 17 27 44.590+07 03 34.49         20.6 wU~3r4PF51
37655         C2020 04 22.59464 17 27 43.711+07 03 41.31         20.7 wU~3r4PF51
37655         C2020 04 22.60416 17 27 42.867+07 03 47.99         20.7 wU~3r4PF51
37655         C2020 04 29.54963 17 16 45.979+08 19 19.46         20.7 wU~3tlmF52
37655         C2020 04 29.56165 17 16 44.716+08 19 26.65         20.6 wU~3tlmF52
37655         C2020 04 29.57367 17 16 43.436+08 19 33.93         20.6 wU~3tlmF52
37655         C2020 04 29.58568 17 16 42.159+08 19 41.12         20.7 wU~3tlmF52
37655         C2020 05 02.47108 17 11 36.981+08 47 21.06         20.3 iU~3tlmF52
37655         C2020 05 02.48552 17 11 35.355+08 47 28.80         20.3 iU~3tlmF52
37655         C2020 05 02.49726 17 11 34.045+08 47 35.59         20.2 iU~3tlmF52
37655         C2020 05 17.39896 16 42 00.575+10 23 36.46         20.7 wU~3tlmF51
37655         C2020 05 17.41064 16 41 59.088+10 23 38.85         20.6 wU~3tlmF51
37655         C2020 05 17.42234 16 41 57.598+10 23 41.27         20.6 wU~3tlmF51
37655         C2020 05 19.50436 16 37 37.458+10 29 53.63         20.7 wU~3tlmF51
37655         C2020 05 19.51623 16 37 35.949+10 29 55.39         20.7 wU~3tlmF51
37655         C2020 05 19.52799 16 37 34.449+10 29 57.14         20.6 wU~3tlmF51
37655         C2020 05 19.53977 16 37 32.952+10 29 58.87         20.5 wU~3tlmF51
37655         C2020 05 21.37847 16 33 44.10 +10 33 50.3          20.6 GV~3tlmG96
37655         C2020 05 21.38371 16 33 43.41 +10 33 50.8          20.7 GV~3tlmG96
37655         C2020 05 21.38894 16 33 42.76 +10 33 51.5          20.3 GV~3tlmG96
37655         C2020 05 21.39418 16 33 42.11 +10 33 52.1          20.6 GV~3tlmG96
37655         C2020 06 15.40655 15 48 52.582+09 13 37.25         21.4 wU~3xBWF51
37655         C2020 06 15.41861 15 48 51.566+09 13 31.95         21.3 wU~3xBWF51
37655         C2020 06 15.43067 15 48 50.535+09 13 26.66         21.2 wU~3xBWF51
37655         C2020 06 15.44285 15 48 49.509+09 13 21.31         21.0 wU~3xBWF51
37655         C2020 06 21.40393 15 41 20.578+08 26 16.98         21.2 wU~3y10F51
37655         C2020 06 21.41642 15 41 19.703+08 26 10.58         21.4 wU~3y10F51
37655         C2020 06 21.42894 15 41 18.831+08 26 04.18         21.4 wU~3y10F51
37655         C2020 06 21.44142 15 41 17.947+08 25 57.65         21.7 wU~3y10F51
37655         C2021 06 08.44482822 16 33.67 -00 34 18.1          20.52GV~4s1oG96
37655         C2021 06 08.45475522 16 34.58 -00 34 13.0          20.57GV~4s1oG96
37655         C2021 06 08.46002122 16 35.05 -00 34 10.3          20.48GV~4s1oG96
37655         C2021 06 08.46436322 16 35.45 -00 34 08.2          20.18GV~4s1oG96
37655         C2021 07 01.57500622 58 52.77 +02 49 24.3          19.00oV~4uKmT08
37655         C2021 07 01.57915122 58 53.39 +02 49 26.9          18.91oV~4uKmT08
37655         C2021 07 01.58744222 58 54.42 +02 49 31.8          19.06oV~4uKmT08
37655         C2021 07 01.61100522 58 57.58 +02 49 45.2          18.78oV~4uKmT08
37655         C2021 07 05.52892123 08 35.00 +03 27 46.3          18.86oV~4uKmT08
37655         C2021 07 05.53491923 08 35.89 +03 27 50.0          18.62oV~4uKmT08
37655         C2021 07 05.53768423 08 36.30 +03 27 51.9          19.11oV~4uKmT08
37655         C2021 07 05.55279623 08 38.62 +03 28 00.8          19.32oV~4uKmT08
37655         C2021 07 07.47808623 13 53.09 +03 47 24.9          19.44cV~4uKmT05
37655         C2021 07 07.48497923 13 54.22 +03 47 28.6          19.01cV~4uKmT05
37655         C2021 07 07.50333223 13 57.25 +03 47 39.4          19.23cV~4uKmT05
37655         C2021 07 07.52347223 14 00.59 +03 47 52.0          19.22cV~4uKmT05
37655         C2021 07 08.41248423 16 33.88 +03 56 58.4          18.93GV~4uKm703
37655         C2021 07 08.41710623 16 34.67 +03 57 01.6          19.17GV~4uKm703
37655         C2021 07 08.42172823 16 35.43 +03 57 04.6          19.19GV~4uKm703
37655         C2021 07 08.42634723 16 36.29 +03 57 07.2          18.83GV~4uKm703
37655         C2021 07 09.37306223 19 26.38 +04 07 00.6          18.77GV~4vSO703
37655         C2021 07 09.37831923 19 27.30 +04 07 04.0          18.93GV~4vSO703
37655         C2021 07 09.38356723 19 28.24 +04 07 07.2          18.69GV~4vSO703
37655         C2021 07 09.38881023 19 29.16 +04 07 10.1          18.68GV~4vSO703
37655         C2021 07 09.53937923 19 56.78 +04 08 49.1          18.14oV~4vSOT08
37655         C2021 07 09.54214323 19 57.25 +04 08 50.9          18.58oV~4vSOT08
37655         C2021 07 09.55530923 19 59.63 +04 08 59.2          18.71oV~4vSOT08
37655         C2021 07 09.56598223 20 01.53 +04 09 06.1          18.54oV~4vSOT08
37655         C2021 07 13.53367223 33 26.61 +04 52 42.2          18.43oV~4vSOT08
37655         C2021 07 13.53597223 33 27.09 +04 52 43.9          18.48oV~4vSOT08
37655         C2021 07 13.53873823 33 27.69 +04 52 45.6          18.11oV~4vSOT08
37655         C2021 07 13.54384423 33 28.80 +04 52 49.4          18.32oV~4vSOT08
37655         C2021 07 17.40485023 49 33.99 +05 39 17.6          18.04oV~4vSOT08
37655         C2021 07 17.41412023 49 36.54 +05 39 25.2          18.16oV~4vSOT08
37655         C2021 07 17.43649223 49 42.74 +05 39 42.1          18.18oV~4vSOT08
37655         C2021 07 17.47524023 49 53.46 +05 40 12.1          17.96oV~4vSOT08
37655         C2021 07 17.47894523 49 54.46 +05 40 14.8          18.18oV~4vSOT08
37655         C2021 07 17.48963723 49 57.42 +05 40 23.0          17.87oV~4vSOT08
37655         C2021 07 19.50736300 00 03.46 +06 06 51.0          17.99cV~4vSOT05
37655         C2021 07 19.51151400 00 04.75 +06 06 54.1          18.26cV~4vSOT05
37655         C2021 07 19.51703900 00 06.46 +06 06 58.3          18.21cV~4vSOT05
37655         C2021 07 19.52711400 00 09.63 +06 07 07.0          18.04cV~4vSOT05
37655         C2021 07 22.58095600 18 27.09 +06 50 40.2          17.57oV~4wjfT08
37655         C2021 07 22.59095800 18 31.02 +06 50 49.7          17.44oV~4wjfT08
37655         C2021 07 22.61595000 18 40.83 +06 51 12.0          17.71oV~4wjfT08
37655         C2021 07 22.62280100 18 43.52 +06 51 18.1          17.65oV~4wjfT08
37655         C2021 07 22.72123400 19 24.696+06 53 03.59         17.7 GV~83vHP07
37655         C2021 07 22.72154200 19 24.847+06 53 03.98         17.4 GV~83vHP07
37655         C2021 07 22.81669800 20 02.890+06 54 31.10         17.3 GV~83vHP07
37655         C2021 07 22.81719000 20 03.091+06 54 31.36         17.9 GV~83vHP07
37655         C2021 07 22.87126300 20 24.778+06 55 20.86         17.8 GV~83vHP07
37655         C2021 07 22.91365900 20 41.820+06 55 58.98         17.8 GV~83vHP07
37655         C2021 07 25.48800900 40 24.08 +07 36 28.5          17.55oV~4wjfT08
37655         C2021 07 25.49754000 40 28.85 +07 36 38.5          17.27oV~4wjfT08
37655         C2021 07 25.50353400 40 31.86 +07 36 44.6          17.45oV~4wjfT08
37655         C2021 07 25.51045000 40 35.33 +07 36 51.5          17.42oV~4wjfT08
37655         C2021 08 02.58864202 20 43.72 +09 51 32.9          17.03oV~4wjfT08
37655         C2021 08 02.59187402 20 47.00 +09 51 35.5          17.31oV~4wjfT08
37655         C2021 08 02.61387202 21 09.41 +09 51 53.1          17.14oV~4wjfT08
37655         C2021 08 02.62382402 21 19.55 +09 52 01.0          17.15oV~4wjfT08
37655         C2021 08 02.82228 02 24 46.97 +09 54 23.9          16.8 Rq~4wjfD29
37655         C2021 08 02.83289 02 24 58.00 +09 54 33.7          15.8 Rq~4wjfD29
37655         C2021 08 02.84349 02 25 09.07 +09 54 41.9          17.4 Rq~4wjfD29
37655         S2021 08 03.25927902 32 30.742+09 59 48.73               L~6HujC51
37655         s2021 08 03.2592791 + 1962.0709 + 6301.1650 + 1846.6418   ~6HujC51
37655         S2021 08 03.45537802 36 05.064+10 01 58.84               L~6HujC51
37655         s2021 08 03.4553781 + 1944.8590 + 6311.9790 + 1828.0020   ~6HujC51
37655         S2021 08 03.58615402 38 29.606+10 03 21.42               L~6HujC51
37655         s2021 08 03.5861541 + 1938.9591 + 6325.0958 + 1788.7902   ~6HujC51
37655         C2022 05 22.57008217 36 27.843+03 18 51.03         21.44wU~5gGDF52
37655         C2022 05 22.58157317 36 26.748+03 18 53.60         21.42wU~5gGEF52
37655         C2022 05 22.59303017 36 25.656+03 18 56.60         21.44wU~5gGEF52
37655         C2022 05 28.51332417 26 53.454+03 38 45.55         21.37wU~5gGEF52
37655         C2022 05 28.52429117 26 52.321+03 38 47.12         21.39wU~5gGEF52
37655         C2022 05 28.54601217 26 50.145+03 38 50.62         21.00wU~5gGEF52
37655         C2022 06 02.46846117 18 33.524+03 48 23.14         21.31wU~5gGEF52
37655         C2022 06 02.47618617 18 32.725+03 48 23.74         21.36wU~5gGEF52
37655         C2022 06 02.49161617 18 31.113+03 48 24.94         21.40wU~5gGEF52
37655         C2024 06 27.36658417 31 39.825-00 10 34.35         21.82wX~87cFF52
37655         C2024 06 27.37526617 31 38.968-00 10 36.09         21.55wX~87cFF52
37655         C2024 06 27.38394717 31 38.116-00 10 37.65         21.80wX~87cFF52
37655         R2012 08 13.500000   9685966631                  2380 251 JPLRS251
37655         r2012 08 13.500000C         2000                      251 JPLRS251
