04581J89F00C* A1989 03 31.28021 12 15 38.93 +16 24 10.3 MPC 1443116.2   14667675
04581J89F00C 2A1989 03 31.31979 12 15 30.82 +16 23 40.2                 14431675
04581J89F00C 2A1989 04 02.39878 12 11 30.67 +16 00 49.9                 14431675
04581J89F00C  A1989 04 03.28125 12 10 23.67 +15 52 44.6 MPC 1443116.7   14667675
04581J89F00C  A1989 04 04.24306 12 09 19.64 +15 44 22.6 MPC 1443116.9   14667675
04581        4 1989 04 08.19792 12 06 31.01 +15 13 23.3                 b8633261
04581J89F00C 2A1989 04 08.21892 12 06 29.78 +15 13 13.5          16.8   14555675
04581        4 1989 04 08.23958 12 06 28.72 +15 13 06.5                 b8633261
04581J89F00C 2A1989 04 08.24601 12 06 28.15 +15 13 02.3                 14555675
04581J89F00C  A1989 04 09.26069 12 06 00.13 +15 05 13.2                 14433801
04581J89F00C 1A1989 04 27.45987 12 08 42.79 +12 36 55.6                 14549413
04581J89F00C 1A1989 04 28.48483 12 09 13.22 +12 27 25.2                 14549413
04581J89F00C 4A1989 04 29.14184 12 09 34.76 +12 20 36.6                 14560688
04581J89F00C 4A1989 04 29.14821 12 09 34.94 +12 20 33.2                 14560688
04581J89F00C 4A1989 04 29.15456 12 09 35.09 +12 20 29.6                 14560688
04581J89F00C 2A1989 04 29.28912 12 09 37.88 +12 19 14.9          20.5   14555675
04581J89F00C #A1989 05 02.26521 12 11 21.32 +11 50 39.6                 14560695
04581J89F00C #A1989 05 02.27275 12 11 21.50 +11 50 35.5                 14560695
04581J89F00C 1A1989 05 22.18933 12 28 20.65 +08 14 44.6                 14727675
04581J89F00C 1A1989 05 22.20252 12 28 21.50 +08 14 35.7                 14727675
04581J89F00C 1A1989 05 22.21990 12 28 22.43 +08 14 24.3                 14727675
04581J89F00C 1A1989 05 23.18662 12 29 24.08 +08 03 06.1                 14727675
04581J89F00C 1A1989 05 23.19167 12 29 24.39 +08 03 02.9                 14727675
04581J89F00C 1A1989 05 23.19757 12 29 24.75 +08 02 58.9                 14727675
04581J89F00C 1A1989 05 23.20311 12 29 25.02 +08 02 55.2                 14727675
04581J89F00C 4A1989 06 05.16546 12 44 33.40 +05 26 35.8                 14733688
04581J89F00C 4A1989 06 05.17809 12 44 34.30 +05 26 26.6                 14733688
04581J89F00C 4A1990 04 22.23386 09 13 47.97 +21 52 41.4                 16342688
04581J89F00C 4A1990 04 22.24276 09 13 51.22 +21 52 31.5                 16342688
04581J89F00C 4A1990 04 22.24531 09 13 52.37 +21 52 28.0                 16342688
04581J89F00C 4A1990 04 22.25596 09 13 56.37 +21 52 15.1                 16342688
04581J89F00C 4A1990 04 22.25938 09 13 57.69 +21 52 11.1                 16342688
04581J89F00C 4A1990 04 22.26175 09 13 58.60 +21 52 08.3                 16342688
04581J89F00C 1A1990 06 18.18708 12 23 05.89 +04 59 09.2                 16804675
04581J89F00C 1A1990 06 18.19237 12 23 06.61 +04 59 04.3                 16804675
04581J89F00C 1A1990 06 18.19758 12 23 07.35 +04 58 59.1                 16804675
04581        |C2011 06 10.39033 22 39 27.13 +01 21 07.3                c~0WrgH06
04581        |C2011 06 10.39395 22 39 27.72 +01 21 12.8                c~0WrgH06
04581        |C2011 06 10.39756 22 39 28.35 +01 21 16.9          20.5 Rc~0WrgH06
04581        |C2011 07 08.37573 00 14 46.99 +13 15 34.5                c~0WwiH06
04581        |C2011 07 08.37830 00 14 47.66 +13 15 38.8                c~0WwiH06
04581        |C2011 07 08.38044 00 14 48.27 +13 15 42.9          20.1 Rc~0WwiH06
04581        |C2011 07 28.42298 02 17 20.42 +24 04 04.8                c~0X85H06
04581        |C2011 07 28.42594 02 17 21.82 +24 04 09.9          19.2 Rc~0X85H06
04581        |C2012 07 13.43372 22 55 27.13 +12 22 53.3                c~0hl6H06
04581        |C2012 07 13.43685 22 55 27.59 +12 22 59.7                c~0hl6H06
04581        |C2012 07 13.43935 22 55 27.97 +12 23 04.8          20.3 Vc~0hl6H06
04581        KC2012 07 16.61182 23 04 03.00 +14 19 00.0          20.2 Ro~0hoH474
04581        KC2012 07 16.61393 23 04 03.28 +14 19 03.8          19.6 Ro~0hoH474
04581        KC2012 07 16.61604 23 04 03.59 +14 19 08.7          19.6 Ro~0hoH474
04581        KC2012 07 16.61816 23 04 04.01 +14 19 13.8          20.1 Ro~0hoH474
04581        KC2012 07 25.31704 23 34 48.01 +20 55 20.7          18.8 Ru~0hsfH36
04581        KC2012 07 25.32493 23 34 50.08 +20 55 46.8          18.7 Ru~0hsfH36
04581        KC2012 07 26.06185 23 38 10.57 +21 36 29.8          18.8 Rt~0hwj130
04581        KC2012 07 26.06385 23 38 11.05 +21 36 36.4          19.0 Rt~0hsf130
04581        KC2012 07 26.06585 23 38 11.62 +21 36 42.6          19.3 Rt~0hwj130
04581        KC2012 07 26.06784 23 38 12.13 +21 36 50.7          18.9 Rt~0hsf130
04581         C2012 07 26.08832 23 38 17.94 +21 38 02.9                r~0hwjC07
04581         C2012 07 26.09442 23 38 19.57 +21 38 22.4          20.2  r~0hwjC07
04581         C2012 07 26.09571 23 38 19.98 +21 38 26.7                r~0hwjC07
04581         C2012 07 26.10292 23 38 21.92 +21 38 51.4          20.1  r~0hwjC07
04581        KC2012 07 26.94921 23 42 26.89 +22 27 19.1          18.8 Rr~0hwjA17
04581        KC2012 07 26.95796 23 42 29.39 +22 27 50.5          19.1 Rr~0hsfA17
04581        KC2012 07 26.96576 23 42 31.69 +22 28 18.5          19.0 Rr~0hwjA17
04581        KC2012 07 28.00740 23 47 51.03 +23 30 59.8          19.2 Vu~0hwjC73
04581        KC2012 07 28.00820 23 47 51.27 +23 31 02.3          19.3 Vu~0hwjC73
04581        KC2012 07 28.00901 23 47 51.52 +23 31 05.4          18.8 Vu~0hwjC73
04581        KC2012 07 28.00981 23 47 51.73 +23 31 07.9          19.3 Vu~0hwjC73
04581        KC2012 07 28.01061 23 47 51.92 +23 31 10.8          19.3 Vu~0hwjC73
04581        KC2012 07 28.01142 23 47 52.18 +23 31 13.9          19.5 Vu~0hwjC73
04581        KC2012 07 28.01222 23 47 52.36 +23 31 16.7          19.1 Vu~0hwjC73
04581        KC2012 07 28.01382 23 47 52.93 +23 31 22.9          19.7 Vu~0hwjC73
04581        KC2012 07 28.01463 23 47 53.18 +23 31 26.5          19.6 Vu~0hwjC73
04581        KC2012 07 28.01543 23 47 53.41 +23 31 29.5          19.1 Vu~0hwjC73
04581        KC2012 07 28.01623 23 47 53.67 +23 31 32.3          18.9 Vu~0hwjC73
04581        KC2012 07 28.01703 23 47 53.97 +23 31 34.8          19.3 Vu~0hwjC73
04581        KC2012 07 28.01783 23 47 54.20 +23 31 37.5          19.5 Vu~0hwjC73
04581        KC2012 07 28.01863 23 47 54.45 +23 31 40.4          19.2 Vu~0hwjC73
04581        KC2012 08 02.36124100 23 05.73 +29 43 11.5          19.3 Vu~0hzmH21
04581        KC2012 08 02.36445700 23 07.24 +29 43 26.4          19.3 Vu~0hzmH21
04581        KC2012 08 02.36730500 23 08.57 +29 43 39.8          19.3 Vu~0hzmH21
04581        KC2012 08 02.37026400 23 09.96 +29 43 54.0          19.1 Vu~0hzmH21
04581        KC2012 08 06.36457801 02 33.89 +35 14 58.1          18.9 Vu~0hzmH21
04581        KC2012 08 06.36686601 02 35.44 +35 15 10.0          19.0 Vu~0hzmH21
04581        KC2012 08 06.36915101 02 37.00 +35 15 21.9          19.0 Vu~0hzmH21
04581        KC2012 08 06.37143901 02 38.58 +35 15 34.1          19.1 Vu~0hzmH21
04581        KC2012 08 06.37464201 02 40.78 +35 15 51.0          19.0 Vu~0hzmH21
04581        KC2012 08 07.08817 01 11 26.45 +36 17 45.9          18.6 Rc~0iWQA24
04581        KC2012 08 07.08920 01 11 27.25 +36 17 51.1          18.4 Rc~0iWQA24
04581        KC2012 08 07.09023 01 11 28.05 +36 17 56.0          18.4 Rc~0iWQA24
04581        1C2012 08 09.06176 01 39 05.75 +39 08 09.5                o~0oVjJ13
04581        1C2012 08 09.06221 01 39 06.17 +39 08 11.9                o~0oVjJ13
04581        1C2012 08 09.06266 01 39 06.69 +39 08 15.0                o~0oVjJ13
04581        1C2012 08 09.06311 01 39 06.85 +39 08 16.1                o~0oVjJ13
04581        KC2012 08 09.07800 01 39 18.00 +39 09 27.8          18.1 Rc~0iIUA24
04581        KC2012 08 09.07903 01 39 18.92 +39 09 33.3          17.6 Rc~0iIUA24
04581        KC2012 08 09.08006 01 39 19.87 +39 09 38.1          18.4 Rc~0iIUA24
04581        KC2012 08 09.08920 01 39 28.07 +39 10 25.6          18.0 Rc~0iIUA24
04581        KC2012 08 09.12075 01 39 56.32 +39 13 08.1          18.1 Rc~0iIUA24
04581        KC2012 08 09.12178 01 39 57.27 +39 13 12.6          18.2 Rc~0iIUA24
04581         C2013 06 12.39675 20 52 57.54 -02 42 18.7          21.2 Vu~0sgPG96
04581         C2013 06 12.40115 20 52 57.64 -02 42 14.7          21.3 Vu~0sgPG96
04581         C2013 06 12.40561 20 52 57.61 -02 42 10.7          21.3 Vu~0sgPG96
04581         C2013 06 12.41008 20 52 57.68 -02 42 07.4          20.8 Vu~0sgPG96
04581        KC2013 07 31.84358 19 15 00.13 +07 41 54.7          17.8 Vq~0tKUC95
04581        KC2013 07 31.84924 19 14 58.11 +07 41 55.7          18.0 Vq~0tKUC95
04581        KC2013 07 31.85491 19 14 56.12 +07 41 57.0          18.9 Vq~0tKUC95
04581        KC2013 07 31.86058 19 14 54.13 +07 41 58.3          17.9 Vq~0tKUC95
04581         C2013 08 01.86455 19 09 07.81 +07 45 17.9          17.5 Rq~0tSKC27
04581        KC2013 08 01.86945 19 09 06.05 +07 45 18.9          17.7 Rq~0tSKC27
04581        KC2013 08 01.87226 19 09 05.02 +07 45 19.0          18.0 Rq~0tSKC27
04581        KC2013 08 01.91757 19 08 48.30 +07 45 27.3          17.7 Rq~0tSKC27
04581        KC2013 08 01.92133 19 08 46.90 +07 45 27.7          17.8 Rq~0tSKC27
04581        KC2013 08 01.92509 19 08 45.51 +07 45 28.5          17.6 Rq~0tSKC27
04581        KC2013 08 04.85326 18 50 46.32 +07 48 52.9          18.8 Vq~0tSKC77
04581        KC2013 08 04.85567 18 50 45.35 +07 48 52.4          18.2 Vq~0tSKC77
04581        KC2013 08 04.85822 18 50 44.31 +07 48 52.7          18.7 Vq~0tSKC77
04581        KC2013 08 04.86099 18 50 43.20 +07 48 52.7          18.3 Vq~0tSKC77
04581        KC2013 08 04.86753 18 50 40.90 +07 48 54.2          17.7 Rq~0tSKC27
04581        KC2013 08 04.90550 18 50 25.51 +07 48 53.5          18.0 Rq~0tSKC27
04581        KC2013 08 05.08345818 49 17.93 +07 48 48.3          18.9 Vu~0tSKH21
04581        KC2013 08 05.08575518 49 17.00 +07 48 48.3          18.5 Vu~0tSKH21
04581        KC2013 08 05.08789118 49 16.12 +07 48 48.2          18.9 Vu~0tSKH21
04581        KC2013 08 05.09134618 49 14.73 +07 48 48.3          18.6 Vu~0tSKH21
04581        KC2013 08 05.88866 18 44 00.41 +07 47 47.3          18.1 Rq~0tSK203
04581        KC2013 08 05.92686 18 43 44.55 +07 47 43.7          18.0 Rq~0tSK203
04581        KC2013 08 06.94442318 36 54.90 +07 45 32.0          18.6 Vq~0tSKZ81
04581        KC2013 08 06.99756918 36 32.17 +07 45 21.8          18.4 Vq~0tSKZ81
04581        KC2013 08 08.86346 18 23 34.46 +07 37 37.7          18.6 Rq~0tSKC27
04581        KC2013 08 08.92640 18 23 06.30 +07 37 17.8          17.7 Rq~0tSKC27
04581        KC2013 08 12.87206 17 53 52.16 +07 06 30.9          18.3 Rq~0tdV203
04581        KC2013 08 12.91362 17 53 32.30 +07 06 04.0          18.2 Rq~0tdV203
04581        KC2013 08 14.13698417 44 04.63 +06 52 44.0          18.6 Vu~0tdVH21
04581        KC2013 08 14.14005917 44 03.13 +06 52 41.8          18.7 Vu~0tdVH21
04581        KC2013 08 14.14266117 44 01.85 +06 52 40.0          18.5 Vu~0tdVH21
04581        KC2013 08 14.14538217 44 00.52 +06 52 38.0          18.8 Vu~0tdVH21
04581        KC2013 08 14.14833917 43 59.07 +06 52 35.6          18.7 Vu~0tdVH21
04581        KC2013 08 14.15211017 43 57.22 +06 52 33.1          18.6 Vu~0tdVH21
04581        KC2013 08 14.15398917 43 56.29 +06 52 31.9          18.5 Vu~0tdVH21
04581        KC2013 08 14.15528117 43 55.67 +06 52 31.0          18.5 Vu~0tdVH21
04581        KC2013 08 22.06375116 39 46.90 +04 47 55.1          18.8 Vu~0tnmH21
04581        KC2013 08 22.06747716 39 44.98 +04 47 51.0          19.2 Vu~0tnmH21
04581        KC2013 08 22.07119216 39 43.05 +04 47 47.0          19.2 Vu~0tnmH21
04581        KC2013 08 22.07484216 39 41.14 +04 47 42.5          19.2 Vu~0tnmH21
04581        KC2013 08 22.07848116 39 39.25 +04 47 38.3          19.1 Vu~0tnmH21
04581         C2014 08 14.26504 16 44 05.233-07 12 22.21         20.5 wL~17O2F51
04581         C2014 08 14.27732 16 44 03.961-07 12 31.91         20.5 wL~17O2F51
04581         C2014 08 14.28968 16 44 02.690-07 12 41.53         20.6 wL~17O2F51
04581         C2014 08 14.30200 16 44 01.422-07 12 51.28         20.7 wL~17O2F51
04581         C2014 08 15.27682 16 42 33.792-07 25 42.12         20.5 wL~17WgF51
04581         C2014 08 15.28924 16 42 32.558-07 25 52.00         20.6 wL~17WgF51
04581         C2014 08 15.30163 16 42 31.348-07 26 01.62         20.6 wL~17WgF51
04581         C2014 08 17.25913 16 39 47.432-07 52 04.09         20.5 wL~17WgF51
04581         C2014 08 17.27125 16 39 46.335-07 52 13.83         20.5 wL~17WgF51
04581         C2014 08 18.25648 16 38 29.623-08 05 26.56         20.4 wL~17WgF51
04581         C2014 08 18.26859 16 38 28.566-08 05 36.30         20.6 wL~17WgF51
04581         C2014 08 18.28072 16 38 27.524-08 05 46.04         20.7 wL~17WgF51
04581         C2014 08 19.25549 16 37 15.481-08 18 54.50         20.4 wL~17WgF51
04581         C2014 08 19.26747 16 37 14.484-08 19 04.09         20.6 wL~17WgF51
04581         C2014 08 19.27948 16 37 13.490-08 19 13.75         20.6 wL~17WgF51
04581         C2014 08 19.29151 16 37 12.496-08 19 23.48         20.8 wL~17WgF51
04581         C2015 06 18.36092 17 56 59.43 -04 56 06.3          20.1 Vq~1TUMG96
04581         C2015 06 18.36601 17 56 58.48 -04 56 04.6          20.5 Vq~1TUMG96
04581         C2015 06 18.37109 17 56 57.54 -04 56 02.5          19.6 Vq~1TUMG96
04581         C2015 06 18.37878 17 56 55.97 -04 56 00.3                q~1TUMG96
04581         C2015 07 06.29738 17 01 33.656-04 38 20.10         20.2 wL~1UGyF51
04581         C2015 07 06.30794 17 01 31.837-04 38 22.07         20.3 wL~1UGyF51
04581         C2015 07 06.31835 17 01 30.028-04 38 23.86         20.5 wL~1UGyF51
04581         C2015 07 06.32877 17 01 28.209-04 38 25.80         20.5 wL~1UGyF51
04581         C2015 07 07.27746 16 58 53.672-04 41 27.86         20.3 wL~1UGyF51
04581         C2015 07 07.28822 16 58 51.861-04 41 30.08         20.4 wL~1UGyF51
04581         C2015 07 07.29892 16 58 50.038-04 41 32.31         20.4 wL~1UGyF51
04581         C2015 07 07.30951 16 58 48.213-04 41 34.52         20.4 wL~1UGyF51
04581         C2015 08 10.27490 16 13 46.687-09 16 46.05         21.6 wL~1VgrF51
04581         C2015 08 10.28681 16 13 46.555-09 16 53.61         21.4 wL~1VgrF51
04581         C2015 08 10.29860 16 13 46.419-09 17 01.18         21.4 wL~1VgrF51
04581         C2015 08 10.31065 16 13 46.304-09 17 08.85         21.6 wL~1VgrF51
04581         C2016 06 04.12806 17 10 35.63 -05 37 38.1          20.0 Rc~1uBqJ04
04581         C2016 06 04.13975 17 10 33.41 -05 37 32.3          20.4 Rc~1uBqJ04
04581         C2016 06 04.15144 17 10 31.11 -05 37 26.6          20.2 Rc~1uBqJ04
04581         C2016 06 04.16313 17 10 28.93 -05 37 20.8          19.7 Rc~1uBqJ04
04581         C2016 06 04.33055 17 09 58.65 -05 36 03.4          19.4 Vq~1uBqG96
04581         C2016 06 04.33705 17 09 57.38 -05 36 00.3          20.1 Vq~1uBqG96
04581         C2016 06 04.34031 17 09 56.78 -05 35 58.2          19.3 Vq~1uBqG96
04581         C2016 06 04.40334 17 09 44.63 -05 35 28.2          19.7 Vq~1uBqG96
04581         C2016 06 04.40534 17 09 44.23 -05 35 27.5          19.8 Vq~1uBqG96
04581         C2016 06 04.40731 17 09 43.84 -05 35 26.6          19.7 Vq~1uBqG96
04581         C2016 06 04.40929 17 09 43.47 -05 35 25.2          19.6 Vq~1uBqG96
04581         C2016 06 07.22038 17 01 02.12 -05 14 49.9          19.8 Vq~1uBqI52
04581         C2016 06 07.23248 17 00 59.78 -05 14 45.7          19.5 Vq~1uBqI52
04581         C2016 06 07.24020 17 00 58.28 -05 14 41.9          19.8 Vq~1uBqI52
04581         C2016 06 07.24547 17 00 57.27 -05 14 39.9          19.8 Vq~1uBqI52
04581        KC2016 06 07.25458217 00 55.01 -05 14 38.6          20.1 Vu~1uBqH21
04581        KC2016 06 07.26155717 00 53.67 -05 14 35.6          20.0 Vu~1uBqH21
04581        KC2016 06 07.26673017 00 52.68 -05 14 32.8          20.2 Vu~1uBqH21
04581         C2016 06 29.37062 16 02 38.884-04 36 50.34         20.9 wL~1utgF51
04581         C2016 06 29.38107 16 02 37.625-04 36 52.29         20.9 wL~1utgF51
04581         C2016 06 29.39156 16 02 36.355-04 36 54.22         20.7 wL~1utgF51
04581         C2016 06 29.40207 16 02 35.096-04 36 56.19         20.7 wL~1utgF51
04581         C2016 07 06.31332 15 51 35.341-05 07 05.76         21.1 wL~1v31F51
04581         C2016 07 06.32527 15 51 34.320-05 07 09.51         21.1 wL~1v31F51
04581         C2016 07 06.34918 15 51 32.280-05 07 17.50         20.9 wL~1v31F51
04581         C2017 05 18.34852 16 36 10.25 -05 47 08.1          19.3 Vq~2FcuG96
04581         C2017 05 18.35384 16 36 09.17 -05 47 03.7          20.1 Vq~2FcuG96
04581         C2017 05 18.35916 16 36 08.17 -05 46 59.6          19.7 Vq~2FcuG96
04581         C2017 05 22.47869 16 23 10.987-04 56 15.60         20.1 wL~2G19F51
04581         C2017 05 22.49143 16 23 08.458-04 56 06.79         20.0 wL~2G19F51
04581         C2017 05 22.50412 16 23 05.943-04 55 58.00         20.0 wL~2G19F51
04581         C2017 05 22.51687 16 23 03.414-04 55 49.15         20.1 wL~2G19F51
04581         C2017 05 27.65741 16 07 04.56 -04 03 08.4          20.1 Rq~2GLMD29
04581         C2017 05 27.67155 16 07 01.77 -04 03 01.1          19.9 Rq~2GLMD29
04581         C2017 05 27.68569 16 06 59.13 -04 02 52.9          20.8 Rq~2GLMD29
04581         C2017 06 16.23373 15 19 35.25 -02 51 24.3          20.6 Vq~2Gw8G96
04581         C2017 06 16.23796 15 19 34.73 -02 51 25.3          20.7 Vq~2Gw8G96
04581         C2017 06 16.24215 15 19 34.31 -02 51 25.1          20.6 Vq~2Gw8G96
04581         C2017 06 16.24636 15 19 33.87 -02 51 25.9                q~2Gw8G96
04581         C2017 06 16.25184 15 19 33.27 -02 51 25.9          20.6 Vq~2Gw8G96
04581         C2017 06 16.25688 15 19 32.78 -02 51 26.2          20.7 Vq~2Gw8G96
04581         C2017 06 16.26130 15 19 32.31 -02 51 26.8          20.5 Vq~2Gw8G96
04581         C2017 06 16.26596 15 19 31.77 -02 51 28.1          20.3 Vq~2Gw8G96
04581         C2018 04 13.53301 16 50 23.203-11 17 44.42         20.0 wU~2buPF51
04581         C2018 04 13.55516 16 50 19.810-11 17 17.10         19.9 wU~2buPF51
04581         C2018 04 13.56624 16 50 18.100-11 17 03.26         19.9 wU~2buPF51
04581         C2018 04 16.46154 16 43 03.13 -10 16 18.9          19.4 GU~2buPG96
04581         C2018 04 16.46765 16 43 02.06 -10 16 11.4                U~2buPG96
04581         C2018 04 16.47376 16 43 01.05 -10 16 03.2          19.6 GU~2buPG96
04581         C2018 04 16.47985 16 43 00.04 -10 15 54.9          19.8 GU~2buPG96
04581         C2018 05 08.41097 15 31 52.38 -02 52 03.3          18.6 GU~2dkl703
04581         C2018 05 08.41634 15 31 51.28 -02 51 58.1          19.0 GU~2dkl703
04581         C2018 05 08.42171 15 31 50.15 -02 51 53.5          19.3 GU~2dkl703
04581         C2018 05 08.73349 15 30 47.56 -02 46 52.4          19.2 Rq~2dklD29
04581         C2018 05 08.74763 15 30 44.59 -02 46 39.0          19.7 Rq~2dklD29
04581         C2018 05 12.37480 15 18 50.25 -01 53 05.8          19.2 GU~2eHN703
04581         C2018 05 12.38009 15 18 49.16 -01 53 00.8          19.9 GU~2eHN703
04581         C2018 05 12.38537 15 18 48.19 -01 52 57.5          19.8 GU~2eHN703
04581         C2018 05 12.39066 15 18 47.07 -01 52 52.9          20.2 GU~2eHN703
04581         C2018 05 13.30259 15 15 55.11 -01 40 53.4          19.1 GU~2eHNG96
04581         C2018 05 13.30775 15 15 54.10 -01 40 49.2          18.9 GU~2eHNG96
04581         C2018 05 13.31290 15 15 53.09 -01 40 45.0                U~2eHNG96
04581         C2018 05 13.31809 15 15 52.06 -01 40 41.0          19.4 GU~2eHNG96
04581         C2018 05 15.33261 15 09 42.02 -01 16 21.1          20.0 GU~2eHN703
04581         C2018 05 15.33787 15 09 41.04 -01 16 17.3          19.8 GU~2eHN703
04581         C2018 05 15.34839 15 09 39.04 -01 16 10.4          19.1 GU~2eHN703
04581         C2018 05 16.32106 15 06 47.02 -01 05 31.2          19.6 GU~2eHNG96
04581         C2018 05 16.32622 15 06 46.07 -01 05 27.9          19.6 GU~2eHNG96
04581         C2018 05 16.33141 15 06 45.12 -01 05 24.8          19.5 GU~2eHNG96
04581         C2018 05 16.33660 15 06 44.19 -01 05 21.7          19.7 GU~2eHNG96
04581         C2019 03 27.58329316 35 14.30 -13 35 30.0          18.15oV~31RjT05
04581         C2019 03 27.58515216 35 13.52 -13 35 24.9          18.11oV~31RjT05
04581         C2019 03 27.59387416 35 10.02 -13 35 00.8          18.52oV~31RjT05
04581         C2019 03 27.59802516 35 08.37 -13 34 49.5          18.52oV~31RjT05
04581         C2019 03 30.57202416 16 25.70 -11 15 49.4          18.29oV~32A0T08
04581         C2019 03 30.58195316 16 21.70 -11 15 21.6          18.31oV~32A0T08
04581         C2019 03 30.59131716 16 18.00 -11 14 54.9          17.68oV~32A0T08
04581         C2019 03 30.60039416 16 14.37 -11 14 29.0          18.20oV~32A0T08
04581         C2019 04 03.55628415 51 42.19 -08 10 28.3          17.96oV~32A0T08
04581         C2019 04 03.55806 15 51 41.532-08 10 24.38         18.3 wU~32A0F51
04581         C2019 04 03.56587015 51 38.44 -08 10 02.0          17.94oV~32A0T08
04581         C2019 04 03.57072 15 51 36.580-08 09 49.57         18.3 wU~32A0F51
04581         C2019 04 03.57510515 51 34.82 -08 09 36.2          18.02oV~32A0T08
04581         C2019 04 03.58337 15 51 31.637-08 09 14.77         18.2 wU~32A0F51
04581         C2019 04 03.58517215 51 30.88 -08 09 08.6          17.91oV~32A0T08
04581         C2019 04 03.59601 15 51 26.697-08 08 39.97         18.3 wU~32A0F51
04581         C2019 04 04.53512 15 45 44.891-07 25 56.67         18.4 wU~337BF51
04581         C2019 04 04.54755 15 45 40.082-07 25 23.03         18.3 wU~337BF51
04581         C2019 04 04.55997 15 45 35.271-07 24 49.36         18.2 wU~337BF51
04581         C2019 04 05.54545715 39 39.18 -06 40 39.1          18.10cV~337BT05
04581         C2019 04 05.55457915 39 35.70 -06 40 14.8          18.24cV~337BT05
04581         C2019 04 05.56363815 39 32.23 -06 39 50.7          18.19cV~337BT05
04581         C2019 04 05.57321115 39 28.58 -06 39 25.0          18.21cV~337BT05
04581         C2019 04 07.48150 15 28 10.81 -05 16 25.5          18.2 GV~337BG96
04581         C2019 04 07.48666 15 28 08.91 -05 16 12.1          18.1 GV~337BG96
04581         C2019 04 07.49181 15 28 07.01 -05 15 58.6          18.2 GV~337BG96
04581         C2019 04 07.49698 15 28 05.12 -05 15 45.6          18.2 GV~337BG96
04581         C2019 04 07.52320015 27 57.89 -05 14 28.7          18.16oV~337BT08
04581         C2019 04 07.53203815 27 54.60 -05 14 05.6          18.11oV~337BT08
04581         C2019 04 07.54169315 27 51.00 -05 13 41.2          18.02oV~337BT08
04581         C2019 04 07.55135615 27 47.41 -05 13 16.3          17.83oV~337BT08
04581         C2019 04 09.52564915 16 29.52 -03 51 25.4          18.31cV~337BT05
04581         C2019 04 09.53487815 16 26.20 -03 51 03.1          18.34cV~337BT05
04581         C2019 04 09.54407115 16 22.92 -03 50 40.5          18.16cV~337CT05
04581         C2019 04 09.55330415 16 19.60 -03 50 18.6          18.04cV~337CT05
04581         C2019 04 11.51096215 05 33.54 -02 33 59.7          18.07oV~337CT08
04581         C2019 04 11.51975315 05 30.58 -02 33 40.8          18.09oV~337CT08
04581         C2019 04 11.52959315 05 27.12 -02 33 17.9          18.20oV~337CT08
04581         C2019 04 11.53866615 05 24.02 -02 32 57.2          17.90oV~337CT08
04581        |C2019 04 12.34841 15 01 05.94 -02 03 09.8                V~376KH06
04581        |C2019 04 12.35020 15 01 05.33 -02 03 06.0                V~376KH06
04581        |C2019 04 12.35201 15 01 04.73 -02 03 02.0          18.4 GV~376KH06
04581         C2019 04 14.07802 14 52 10.05 -01 02 22.4          17.8  q~34DDJ43
04581         C2019 04 14.08657 14 52 07.27 -01 02 04.7          18.2  q~34DDJ43
04581         C2019 04 14.09509 14 52 04.55 -01 01 47.2          17.5  q~34DDJ43
04581         C2019 04 14.10362 14 52 01.81 -01 01 30.1          17.8  q~34DDJ43
04581         C2019 04 15.49308214 45 10.23 -00 15 55.2          17.90oV~34DDT08
04581         C2019 04 15.50185614 45 07.54 -00 15 38.8          18.37oV~34DDT08
04581         C2019 04 15.51009714 45 04.98 -00 15 22.9          17.96oV~34DDT08
04581         C2019 04 15.51884714 45 02.28 -00 15 06.0          18.01oV~34DDT08
04581        KC2019 04 16.22419514 41 41.62 +00 06 31.3          17.9 Vu~34DDH21
04581        KC2019 04 16.22800714 41 40.48 +00 06 38.5          18.2 Vu~34DDH21
04581        KC2019 04 16.23202214 41 39.28 +00 06 45.8          17.7 Vu~34DDH21
04581         C2019 04 17.47888414 35 51.46 +00 43 42.6          18.00oV~34DDT05
04581         C2019 04 17.48891914 35 48.58 +00 43 59.8          17.84oV~34DDT05
04581         C2019 04 17.49912814 35 45.61 +00 44 17.6          17.99oV~34DDT05
04581         C2019 04 17.50911814 35 42.70 +00 44 34.2          17.98oV~34DDT05
04581         C2019 04 23.46446514 11 25.56 +03 06 11.3          18.80oV~34eZT08
04581         C2019 04 23.47339314 11 23.56 +03 06 21.2          18.06oV~34eZT08
04581         C2019 04 23.48301114 11 21.35 +03 06 32.1          18.12oV~34eZT08
04581         C2019 04 23.49208114 11 19.19 +03 06 42.7          18.22oV~34eZT08
04581         C2019 04 26.35464 14 01 35.21 +03 55 56.2          18.9 GV~355T703
04581         C2019 04 26.35990 14 01 34.05 +03 56 01.6          18.5 GV~355T703
04581         C2019 04 26.36516 14 01 33.03 +03 56 06.4          18.9 GV~355T703
04581         C2019 04 26.37042 14 01 31.98 +03 56 10.9          18.9 GV~355T703
04581         C2019 04 27.44347113 58 12.56 +04 11 58.0          18.42oV~355TT08
04581         C2019 04 27.45228413 58 10.80 +04 12 05.1          18.71oV~355TT08
04581         C2019 04 27.46054613 58 09.21 +04 12 11.4          18.41oV~355TT08
04581         C2019 04 27.46947613 58 07.45 +04 12 19.5          18.78oV~355TT08
04581         C2019 04 27.95118713 56 41.99 +04 18 35.8          18.2 GV~3vWvC95
04581         C2019 04 27.95270913 56 41.66 +04 18 38.2                V~3vWvC95
04581         C2019 04 27.95438513 56 41.41 +04 18 39.0          18.3 GV~3vWvC95
04581         C2019 04 27.95595613 56 41.06 +04 18 40.4          18.6 GV~3vWvC95
04581         C2019 04 27.95755513 56 40.77 +04 18 41.8          18.3 GV~3vWvC95
04581         C2019 04 27.95910113 56 40.48 +04 18 43.6          17.7 GV~3vWvC95
04581         C2019 04 29.31800 13 52 47.08 +04 35 40.2          18.8 GV~355T703
04581         C2019 04 29.33376 13 52 44.34 +04 35 51.3          18.8 GV~355T703
04581         C2019 05 01.43965913 47 14.07 +04 57 45.9          18.68oV~355TT08
04581         C2019 05 01.44848813 47 12.67 +04 57 50.9          18.56oV~355TT08
04581         C2019 05 01.45785813 47 11.13 +04 57 56.1          18.56oV~355TT08
04581         C2019 05 01.46663313 47 09.72 +04 58 00.0          18.89oV~355TT08
04581         C2019 05 01.62346 13 46 47.72 +04 59 18.7          18.9 Rq~355TD29
04581         C2019 05 01.63760 13 46 45.50 +04 59 26.4          19.1 Rq~355TD29
04581         C2019 05 01.65174 13 46 43.24 +04 59 33.9          19.2 Rq~355TD29
04581         C2019 05 02.65291 13 44 20.49 +05 07 59.2          19.1 Rq~355TD29
04581         C2019 05 02.66794 13 44 18.23 +05 08 06.4          19.4 Rq~355TD29
04581         C2019 05 02.68296 13 44 15.99 +05 08 13.1          19.2 Rq~355TD29
04581         C2019 05 04.30071 13 40 42.42 +05 19 40.5                V~5ZiM703
04581         C2019 05 04.31641 13 40 40.41 +05 19 42.0          19.0 GV~5ZiM703
04581         C2019 05 10.33307313 30 13.55 +05 41 30.4          19.46oV~35gdT05
04581         C2019 05 10.34370613 30 12.54 +05 41 31.2          19.25oV~35gdT05
04581         C2019 05 10.36017813 30 10.98 +05 41 32.2          19.61oV~35gdT05
04581         C2019 05 10.43699913 30 03.81 +05 41 38.7          19.44oV~4u7GT05
04581         C2019 06 04.23388 13 20 03.91 +03 43 51.8          20.7 GV~4aGlG96
04581         C2019 06 04.23950 13 20 03.99 +03 43 48.9          21.0 GV~4aGlG96
04581         C2019 06 04.24511 13 20 04.14 +03 43 45.7          21.3 GV~4aGlG96
04581        KC2020 03 30.90042207 44 01.15 +27 40 15.5          18.2 GV~3nc6Z80
04581        KC2020 03 30.90302707 44 04.36 +27 40 14.8          18.2 GV~3nc6Z80
04581        KC2020 03 30.90563107 44 07.49 +27 40 14.1          18.0 GV~3t9QZ80
04581        KC2020 03 30.90826407 44 10.77 +27 40 12.7          18.4 GV~3t9QZ80
04581        KC2020 03 31.97939808 05 34.48 +27 29 07.1                V~3t9QZ80
04581        KC2020 03 31.98414408 05 39.88 +27 29 02.9          17.6 GV~3t9QZ80
04581        KC2020 04 06.86076 09 29 33.07 +24 43 29.5          18.4 GV~3pRi130
04581        KC2020 04 06.86843 09 29 37.61 +24 43 13.6          18.7 GV~3pRi130
04581        KC2020 04 09.01602 09 49 32.02 +23 33 30.5          18.3 GV~3qcK204
04581        KC2020 04 09.01981 09 49 33.91 +23 33 22.2                V~3qcK204
04581        HC2020 04 09.02360 09 49 35.79 +23 33 15.0                V~3qcK204
04581         C2020 04 09.31864409 52 03.89 +23 24 39.3          18.36oV~3nc6T08
04581         C2020 04 09.32146509 52 05.21 +23 24 33.9          18.24oV~3nc6T08
04581         C2020 04 09.32805409 52 08.20 +23 24 21.5          18.53oV~3nc6T08
04581         C2020 04 09.33827209 52 12.89 +23 24 01.2          18.20oV~3nc6T08
04581        KC2020 04 10.86912 10 03 47.49 +22 36 35.2          18.5 GV~3pRiA16
04581        KC2020 04 10.87992 10 03 51.87 +22 36 15.7          18.7 GV~3pRiA16
04581        KC2020 04 10.89073 10 03 56.21 +22 35 56.3          18.2 GV~3pRiA16
04581        KC2020 04 10.90153 10 04 00.57 +22 35 36.3          18.4 GV~3pRiA16
04581         C2020 04 11.23486 10 06 18.54 +22 25 57.9          18.3 GV~3pRi703
04581         C2020 04 11.24539 10 06 22.63 +22 25 38.3          18.4 GV~3pRi703
04581         C2020 04 11.25065 10 06 24.55 +22 25 28.2                V~4B9r703
04581         C2020 04 12.32048010 13 23.87 +21 54 45.4          19.02cV~3pRiT05
04581         C2020 04 12.35213010 13 34.87 +21 53 49.9          19.13cV~3pRiT05
04581         C2020 04 12.35722310 13 36.65 +21 53 41.7          18.82cV~3pRiT05
04581         C2020 04 12.37627610 13 43.23 +21 53 08.1          19.14cV~3pRiT05
04581         C2020 04 14.39518910 25 15.97 +20 58 00.9          18.82oV~3pRiT08
04581         C2020 04 14.39843810 25 16.94 +20 57 55.2          18.63oV~3pRiT08
04581         C2020 04 14.39889710 25 17.08 +20 57 54.5          19.14oV~3pRiT08
04581         C2020 04 14.40174910 25 17.94 +20 57 50.1          18.53oV~3pRiT08
04581         C2020 04 14.40405110 25 18.62 +20 57 45.5          18.66oV~3pRiT08
04581         C2020 04 14.40727210 25 19.61 +20 57 40.7          18.73oV~3pRiT08
04581         C2020 04 14.41413310 25 21.59 +20 57 29.7          18.85oV~3pRiT08
04581         C2020 04 14.41752810 25 22.70 +20 57 23.9          19.12oV~3pRiT08
04581         C2020 04 15.58314 10 31 18.04 +20 27 17.3          18.8 Rq~3pRiD29
04581         C2020 04 15.59728 10 31 21.90 +20 26 55.5          18.8 Rq~3pRiD29
04581         C2020 04 15.61142 10 31 25.75 +20 26 33.5          18.8 Rq~3pRiD29
04581         C2020 04 16.23683 10 34 23.70 +20 11 00.9          18.9 GV~3pRi703
04581         C2020 04 16.24253 10 34 25.17 +20 10 52.7          18.6 GV~3pRi703
04581         C2020 04 16.24823 10 34 26.69 +20 10 44.2          18.7 GV~3pRi703
04581         C2020 04 16.25393 10 34 28.19 +20 10 35.5          18.7 GV~3pRi703
04581         C2020 04 16.35829310 34 57.337+20 08 12.47         19.26wU~3pRiF51
04581         C2020 04 16.37125010 35 00.652+20 07 52.96         19.28wU~3pRiF51
04581         C2020 04 16.38421510 35 03.979+20 07 33.41         19.24wU~3pRiF51
04581         C2020 04 18.33353210 43 29.05 +19 21 28.2          19.07oV~3qcKT08
04581         C2020 04 18.33638510 43 29.71 +19 21 24.7          19.23oV~3qcKT08
04581         C2020 04 18.34646210 43 31.92 +19 21 10.4          19.11oV~3qcKT08
04581         C2020 04 18.35400310 43 33.56 +19 20 59.2          18.69oV~3qcKT08
04581         C2020 04 19.21310 10 46 57.21 +19 01 26.7                V~3qcK703
04581         C2020 04 19.21885 10 46 58.51 +19 01 18.8          19.3 GV~3qcK703
04581         C2020 04 19.22459 10 46 59.73 +19 01 11.4          19.4 GV~3qcK703
04581         C2020 04 19.23033 10 47 00.98 +19 01 03.0          19.5 GV~3qcK703
04581         C2020 04 21.24855 10 54 20.70 +18 17 30.2          19.0 GV~3qcKG96
04581         C2020 04 21.25373 10 54 21.70 +18 17 23.6          19.1 GV~3qcKG96
04581         C2020 04 21.25890 10 54 22.68 +18 17 16.9          19.2 GV~3qcKG96
04581         C2020 04 21.26408 10 54 23.69 +18 17 10.2          19.1 GV~3qcKG96
04581         C2020 04 23.24484 11 00 53.07 +17 36 48.5          19.1 GV~3qcK703
04581         C2020 04 23.25012 11 00 54.01 +17 36 42.4          19.5 GV~3qcK703
04581         C2020 04 23.25539 11 00 54.96 +17 36 35.2          19.7 GV~3qcK703
04581         C2020 04 23.26067 11 00 55.80 +17 36 29.6          19.0 GV~3qcK703
04581        KC2020 04 25.86285 11 08 37.34 +16 46 15.7          19.9 Vt~3qcK240
04581        KC2020 04 25.86413 11 08 37.55 +16 46 14.9          19.6 Vt~3qcK240
04581        KC2020 04 25.86463 11 08 37.69 +16 46 13.5          20.5 Vt~3qcK240
04581        KC2020 04 25.86790 11 08 38.09 +16 46 10.0          19.4 Vt~3qcK240
04581        KC2020 04 25.87051 11 08 38.51 +16 46 07.5          19.0 Vt~3qcK240
04581        KC2020 04 25.87088 11 08 38.56 +16 46 06.6          18.6 Vt~3qcK240
04581         C2020 04 26.23900 11 09 39.33 +16 39 24.7          19.5 GV~3qcK703
04581         C2020 04 26.24423 11 09 40.03 +16 39 18.8                V~3qcK703
04581         C2020 04 26.24946 11 09 40.91 +16 39 13.4          20.1 GV~3qcK703
04581         C2020 04 26.25469 11 09 41.71 +16 39 06.3          19.3 GV~3qcK703
04581         C2020 05 21.23085 12 01 13.04 +10 03 58.5          21.0 GV~3t9QG96
04581         C2020 05 21.23599 12 01 13.54 +10 03 54.1          21.1 GV~3t9QG96
04581         C2020 05 21.24112 12 01 14.05 +10 03 49.3          20.9 GV~3t9QG96
04581         C2020 05 21.24626 12 01 14.55 +10 03 44.8          21.4 GV~3t9QG96
04581         C2021 04 18.14394208 03 34.80 +23 29 34.4          20.44GV~4irJG96
04581         C2021 04 18.14969408 03 37.45 +23 29 30.8          20.65GV~4irJG96
04581         C2021 04 18.15544308 03 40.10 +23 29 28.0          21.35GV~4irJG96
04581         C2021 04 18.16119508 03 42.83 +23 29 24.5          20.78GV~4irJG96
04581         R2012 08 06.330556               +    11923869   2380 251 JPLRS251
04581         r2012 08 06.330556C                        0100       251 JPLRS251
04581         R2012 08 06.347917  13131196946                  2380 251 JPLRS251
04581         r2012 08 06.347917C         4000                      251 JPLRS251
