04769J89P00B 3A1989 08 01.44844 23 29 38.05 -12 20 10.7          16     14997675
04769J89P00B 3A1989 08 02.44670 23 30 31.27 -12 00 52.9                 14997675
04769J89P00B 3A1989 08 02.47395 23 30 32.29 -12 00 23.0                 14997675
04769J89P00B  A1989 08 08.35458 23 36 04.39 -09 24 42.0                 14993657
04769J89P00B  A1989 08 08.39764 23 36 06.36 -09 23 12.3                 14993657
04769J89P00B*2A1989 08 09.41771 23 37 09.93 -08 44 55.9          15.0   14997675
04769J89P00B 2A1989 08 10.38316 23 38 14.68 -08 04 15.0                 14997675
04769J89P00B 2A1989 08 11.36528 23 39 24.48 -07 17 34.6          15.0   14997675
04769J89P00B 2A1989 08 11.47396 23 39 29.98 -07 12 02.1                 14997675
04769J89P00B  A1989 08 12.44028 23 40 45.93 -06 18 58.9                 14993657
04769J89P00B 1A1989 08 12.79370 23 41 12.24 -05 55 55.0          13.7 V 14989413
04769J89P00B 1A1989 08 12.79579 23 41 12.39 -05 55 46.8          13.7 V 14989413
04769J89P00B 1A1989 08 12.79822 23 41 12.50 -05 55 38.6                 14989413
04769J89P00B 1A1989 08 13.82447 23 42 42.44 -04 46 12.2          13.8 V 14989413
04769J89P00B 1A1989 08 14.57928 23 44 03.28 -03 47 19.0                 14989413
04769J89P00B 1A1989 08 14.59803 23 44 04.73 -03 45 45.3          13.9 V 14989413
04769J89P00B 1A1989 08 14.60637 23 44 05.35 -03 45 04.4          14.0 V 14989413
04769J89P00B 1A1989 08 14.63612 23 44 07.50 -03 42 34.4          13.7 V 14989413
04769J89P00B 1A1989 08 14.67720 23 44 10.49 -03 39 06.7          13.7 V 14989413
04769J89P00B 1A1989 08 14.71227 23 44 13.08 -03 36 08.0          13.7 V 14989413
04769J89P00B 1A1989 08 14.79553 23 44 19.55 -03 28 58.8          13.8 V 14989413
04769J89P00B 1A1989 08 14.80574 23 44 20.38 -03 28 05.7          13.8 V 14989413
04769J89P00B 1A1989 08 14.81567 23 44 21.18 -03 27 13.7          13.8 V 14989413
04769J89P00B 1A1989 08 14.82314 23 44 21.88 -03 26 34.7          13.7 V 14989413
04769J89P00B 2A1989 08 15.46597 23 45 39.69 -02 28 50.1                 15174568
04769J89P00B 1A1989 08 15.57931 23 45 54.15 -02 16 17.6                 14989413
04769J89P00B 1A1989 08 15.64421 23 45 59.83 -02 09 47.5                 14989413
04769J89P00B 1A1989 08 15.65984 23 46 01.25 -02 08 13.7                 14989413
04769J89P00B 1A1989 08 15.67756 23 46 02.75 -02 06 25.1                 14989413
04769J89P00B 1A1989 08 15.78643 23 46 12.50 -01 55 14.2                 14989413
04769J89P00B 1A1989 08 15.81534 23 46 15.31 -01 52 13.6                 14989413
04769J89P00B  A1989 08 17.09597 23 49 16.29 +00 37 20.0          12.5   14992503
04769J89P00B  A1989 08 17.10357 23 49 17.41 +00 38 21.6                 14992494
04769J89P00B  A1989 08 17.11331 23 49 18.60 +00 39 39.7                 14992494
04769J89P00B 3A1989 08 17.15486 23 49 30.35 +00 47 40.4                 15037809
04769J89P00B 3A1989 08 17.16250 23 49 31.39 +00 48 47.1                 15037809
04769J89P00B 1A1989 08 17.55983 23 50 36.19 +01 45 47.0                 15320413
04769J89P00B 1A1989 08 17.60310 23 50 42.02 +01 52 18.1                 14989413
04769J89P00B  A1989 08 17.61493 23 50 41.10 +01 54 27.3          13     14991474
04769J89P00B  A1989 08 17.63403 23 50 43.69 +01 57 21.8                 14991474
04769J89P00B 1A1989 08 17.82509 23 51 12.47 +02 26 42.0                 14989413
04769J89P00B  A1989 08 18.50748 23 53 34.54 +04 24 56.9                 15161474
04769J89P00B  A1989 08 18.50852 23 53 34.70 +04 25 08.9                 15161474
04769J89P00B  A1989 08 18.52935 23 53 38.42 +04 29 04.5                 15161474
04769J89P00B  A1989 08 18.53005 23 53 38.53 +04 29 12.1                 15161474
04769J89P00B 1A1989 08 18.73200 23 54 16.14 +05 07 53.8                 14989413
04769J89P00B  A1989 08 20.46060 00 02 36.13 +12 24 36.6                 15161474
04769J89P00B  A1989 08 20.47744 00 02 41.81 +12 30 03.1                 14991474
04769J89P00B  A1989 08 20.49203 00 02 46.65 +12 34 46.1                 14991474
04769J89P00B 1A1989 08 20.63687 00 03 37.63 +13 22 13.3                 14990413
04769J89P00B 1A1989 08 20.63826 00 03 37.99 +13 22 43.0                 14990413
04769J89P00B 1A1989 08 21.76684 00 12 30.32 +20 59 15.3                 15320413
04769J89P00B 1A1989 08 21.76962 00 12 31.80 +21 00 33.7                 15320413
04769J89P00B  A1989 08 22.59236 00 22 47.06 +28 31 57.8                 14986376
04769J89P00B  A1989 08 22.59375 00 22 48.09 +28 32 46.9                 14986376
04769J89P00B 1A1989 08 22.71000 00 24 21.35 +29 52 03.7                 14990413
04769J89P00B 1A1989 08 22.71500 00 24 25.61 +29 55 20.4                 14990413
04769J89P00B 1A1989 08 22.79000 00 25 30.63 +30 44 47.8                 14990413
04769J89P00B 1A1989 08 22.81000 00 25 48.74 +30 58 07.2                 14990413
04769J89P00B  A1989 08 22.91806 00 28 02.64 +32 07 01.9          11.5   16957592
04769J89P00B  A1989 08 22.92153 00 28 05.95 +32 09 21.8          11.5   16957592
04769J89P00B  A1989 08 22.92431 00 28 09.20 +32 11 26.2          11.5   16957592
04769J89P00B 2A1989 08 23.35139 00 36 54.64 +37 32 06.4          12.4 V 15174568
04769J89P00B  A1989 08 23.61950 00 43 31.35 +41 12 43.9          13     15213897
04769J89P00B  A1989 08 23.62569 00 43 40.91 +41 18 02.5                 15213897
04769J89P00B  A1989 08 23.62836 00 43 45.20 +41 20 28.0                 15213897
04769J89P00B  A1989 08 23.63194 00 43 50.66 +41 23 25.4                 15213897
04769J89P00B  A1989 08 23.63455 00 43 54.81 +41 25 42.8                 15213897
04769J89P00B  A1989 08 23.89501 00 52 01.42 +45 13 02.6                 15165504
04769J89P00B  A1989 08 23.89601 00 52 03.51 +45 13 56.5                 15165504
04769J89P00B  A1989 08 23.89821 00 52 07.89 +45 15 58.0                 15165504
04769J89P00B  A1989 08 23.96528 00 54 24.52 +46 18 12.5                 15458091
04769J89P00B  A1989 08 24.25704 01 06 14.79 +50 51 42.0                 15175657
04769J89P00B  A1989 08 24.26328 01 06 31.60 +50 57 46.2                 15175657
04769J89P00B  A1989 08 24.26954 01 06 48.60 +51 03 53.8                 15175657
04769J89P00B  A1989 08 24.54988 01 21 33.54 +55 37 42.6          13     14987392
04769J89P00B  A1989 08 24.55363 01 21 46.30 +55 41 19.7                 14987392
04769J89P00B  A1989 08 25.23965 02 22 00.43 +66 33 46.9                 15175657
04769J89P00B  A1989 08 25.24660 02 22 52.97 +66 40 00.6                 15175657
04769J89P00B 7A1989 08 25.98681 04 46 12.20 +74 28 57.0                 15136010
04769J89P00B 7A1989 08 26.02500 04 56 07.68 +74 39 44.1                 15136010
04769J89P00B 1A1990 05 03.79451 20 32 06.42 -31 16 52.7                 16505413
04769J89P00B 1A1990 05 04.77723 20 33 13.20 -31 18 12.2          20     16505413
04769J89P00B 6A1990 06 16.45932 20 37 20.67 -35 23 17.1                 17892675
04769J89P00B 6A1990 06 16.46484 20 37 20.22 -35 23 20.3                 17892675
04769J89P00B 6A1990 06 16.47205 20 37 19.57 -35 23 24.8                 17892675
04769J89P00B 6A1990 06 17.44722 20 35 53.31 -35 33 43.4                 17892675
04769J89P00B 6A1990 06 17.45370 20 35 52.66 -35 33 47.5                 17892675
04769J89P00B 6A1990 06 17.45936 20 35 52.10 -35 33 51.4                 17892675
04769        1C1994 06 17.39968 10 50 35.85 -05 35 46.5                 23716413
04769        1C1994 06 18.42162 10 54 21.69 -05 56 37.8                 23716413
04769        1C1994 06 18.42360 10 54 22.13 -05 56 40.9                 23716413
04769        1C1995 07 20.38305 11 28 29.60 -04 39 02.1                 25479413
04769        1C1995 07 20.38648 11 28 30.23 -04 39 06.4                 25479413
04769         C2000 07 25.50166 01 19 57.37 +05 33 02.4                cb8640670
04769         C2000 07 28.33001 01 35 36.95 +08 03 23.0          17.3 V b8640860
04769         C2000 07 28.33163 01 35 37.40 +08 03 29.5          17.6 V b8640860
04769         C2000 07 28.33325 01 35 37.79 +08 03 34.9          18.0 V b8640860
04769         C2000 07 29.42027 01 42 11.96 +09 05 12.1          17.2 Vib8640739
04769         C2000 07 29.42198 01 42 12.60 +09 05 18.5          17.3 Vib8640739
04769         C2000 07 29.42326 01 42 13.06 +09 05 21.9          17.4 Vib8640739
04769         C2000 07 29.42436 01 42 13.43 +09 05 25.9          17.6 Vib8640739
04769         C2000 07 31.37392 01 54 51.65 +11 03 09.7          17.6  cb8640704
04769         C2000 07 31.38596 01 54 56.50 +11 03 55.1          17.5  cb8640704
04769         C2000 07 31.39798 01 55 01.31 +11 04 40.2          17.8  cb8640704
04769         C2000 07 31.41002 01 55 06.10 +11 05 25.4          18.0  cb8640704
04769         C2000 07 31.42206 01 55 10.91 +11 06 10.4          17.9  cb8640704
04769         C2000 08 02.00266 02 06 20.20 +12 47 32.7          17.9 Vzb8640151
04769         C2000 08 02.00389 02 06 20.79 +12 47 36.5          17.8 Vzb8640151
04769         C2000 08 02.00719 02 06 22.12 +12 47 51.2          18.1 Vzb8640151
04769         C2000 08 02.01400 02 06 25.25 +12 48 16.0          18.0 Vzb8640151
04769         C2000 08 02.01468 02 06 25.64 +12 48 20.5          18.8 Vzb8640151
04769         C2000 08 02.01749 02 06 26.84 +12 48 32.8          18.7 Vzb8640151
04769         C2000 08 02.42849 02 09 28.91 +13 15 53.9                zb8640711
04769         C2000 08 02.43223 02 09 30.55 +13 16 08.6                zb8640711
04769        fC2000 08 02.43615 02 09 32.28 +13 16 25.1                zb8640711
04769         C2000 08 06.39085 02 42 09.69 +17 53 26.0          17.5  cb8640704
04769         C2000 08 06.40499 02 42 17.25 +17 54 28.4          17.5  cb8640704
04769         C2000 08 06.43351 02 42 32.53 +17 56 33.1          17.6  cb8640704
04769         C2000 08 06.44763 02 42 40.02 +17 57 36.8          18.3  cb8640704
04769         C2000 08 08.33291 03 00 34.31 +20 16 50.2          18.2 V b8640860
04769         C2000 08 08.33384 03 00 34.89 +20 16 54.2          18.5 V b8640860
04769         C2000 08 08.33478 03 00 35.36 +20 16 56.2                 b8640860
04769         C2001 06 26.41678 21 23 02.81 -30 41 27.5                 d1930711
04769         C2001 06 26.42405 21 23 02.35 -30 41 31.4          17.4 R d1930711
04769         C2001 06 26.43135 21 23 01.85 -30 41 35.4          17.3 R d1930711
04769         C2001 07 13.31036 20 49 37.05 -33 41 27.8          16.8  cd2582644
04769         C2001 07 13.32098 20 49 34.98 -33 41 34.9          16.9  cd2582644
04769         C2001 07 13.33168 20 49 32.90 -33 41 42.3          17.2  cd2582644
04769         C2002 07 31.46134 16 45 33.02 -35 04 35.6          18.6 Rcg0365474
04769         C2002 07 31.46539 16 45 32.58 -35 04 31.4          18.6 Rcg0365474
04769         C2002 07 31.47292 16 45 32.18 -35 04 23.5          18.3 Rcg0365474
04769         C2002 07 31.47917 16 45 31.73 -35 04 18.1          18.0 Rcg0365474
04769         C2003 05 04.24755 18 24 44.35 -45 02 07.3          19.3 Rmh8684859
04769         C2003 05 04.25200 18 24 43.74 -45 02 11.2          19.5 Rmh8684859
04769         C2003 05 04.25573 18 24 43.28 -45 02 15.2          19.2 Rmh8684859
04769         C2003 06 08.59364 16 20 33.20 -45 24 24.6          17.6 Rci1647E14
04769         C2003 06 08.60072 16 20 31.52 -45 24 18.4          17.2 Rci1647E14
04769         C2003 06 08.60780 16 20 29.90 -45 24 10.7          17.9 Rci1647E14
04769         C2004 03 24.68344 20 15 09.86 -52 16 43.6          17.0 Rrk2399D85
04769         C2004 03 24.68512 20 15 09.28 -52 16 48.3          17.5 Rrk2399D85
04769         C2004 03 24.68569 20 15 09.07 -52 16 53.0          16.9 Rrk2399D85
04769         C2004 05 02.07735 13 50 54.93 -54 02 21.9          16.4 Rrk6886859
04769         C2004 05 02.07843 13 50 54.63 -54 02 18.1          16.1 Rrk6886859
04769         C2004 05 02.07947 13 50 54.31 -54 02 14.8          16.0 Rrk6886859
04769         C2004 05 14.46573 13 15 54.36 -44 19 47.0          17.1 Rrk7636E17
04769         C2004 05 14.46989 13 15 53.95 -44 19 36.6          17.3 Rrk7636E17
04769         C2004 05 14.47529 13 15 53.38 -44 19 22.6          17.5 Rrk7636E17
04769         C2004 05 30.50973 13 07 26.62 -35 15 58.4          18.3 Rrk8558E17
04769         C2004 05 30.51271 13 07 26.63 -35 15 53.9          18.3 Rrk8558E17
04769         C2004 05 30.51569 13 07 26.65 -35 15 49.1          18.3 Rrk8558E17
04769         C2004 06 21.40941 13 22 44.98 -28 41 57.1          18.8 Vrk9635428
04769         C2004 06 21.41249 13 22 45.16 -28 41 54.8          19.0 Vrk9635428
04769         C2004 06 21.41557 13 22 45.33 -28 41 53.1          18.9 Vrk9635428
04769         C2005 05 04.14918 07 54 09.40 +03 55 19.8          18.3 Vrn3449703
04769         C2005 05 04.15720 07 54 12.86 +03 55 03.2          18.6 Vrn3449703
04769         C2005 05 04.16528 07 54 16.44 +03 54 45.7          18.6 Vrn3449703
04769         C2005 06 01.43215 10 31 31.99 -08 20 06.7          19.6 Rrn5660E12
04769         C2005 06 01.43978 10 31 33.73 -08 20 16.8          19.9 Rrn5660E12
04769         C2005 06 01.44738 10 31 35.53 -08 20 23.5          19.1 Rrn5660E12
04769         C2005 06 01.45500 10 31 37.40 -08 20 32.2          18.9 Rrn5660E12
04769         C2005 06 01.46752 10 31 40.39 -08 20 46.1          18.2 Rrn5660E12
04769         C2005 06 01.46839 10 31 40.62 -08 20 46.5          18.0 Rrn5660E12
04769         C2005 06 01.46928 10 31 40.79 -08 20 47.3          18.4 Rrn5660E12
04769         C2005 06 01.47015 10 31 41.03 -08 20 47.9          18.6 Rrn5660E12
04769         C2005 07 01.38152 12 09 06.42 -14 53 49.8          20.0 Rrn7574474
04769         C2005 07 01.38538 12 09 07.14 -14 53 52.7          20.2 Rrn7574474
04769         C2005 07 01.38922 12 09 07.72 -14 53 54.6          19.7 Rrn7574474
04769         C2011 07 01.42303 00 40 29.64 +00 40 39.4          18.6 Vu~0Wk6703
04769         C2011 07 01.42942 00 40 31.00 +00 40 51.3          19.0 Vu~0Wk6703
04769         C2011 07 01.43579 00 40 32.41 +00 41 03.3          19.0 Vu~0Wk6703
04769         C2011 07 28.05248 02 56 47.74 +18 58 37.8          17.3 Vu~0X86C01
04769         C2011 07 28.05309 02 56 48.11 +18 58 39.1          17.4 Vu~0X86C01
04769         C2011 07 28.05372 02 56 48.25 +18 58 41.2          17.0 Vu~0X86C01
04769         C2011 07 28.05433 02 56 48.54 +18 58 42.6          17.1 Vu~0X86C01
04769        QC2012 07 18.67410722 17 11.523-23 53 29.20         16.6 Vr~0iWRE12
04769        QC2012 07 18.68749022 17 10.491-23 53 34.21         16.6 Vr~0iWRE12
04769        QC2012 07 18.70092922 17 09.432-23 53 39.16         16.6 Vr~0iWRE12
04769        QC2012 07 18.71408522 17 08.402-23 53 43.97         16.8 Vr~0iWRE12
04769        KC2012 07 23.07710 22 10 54.06 -24 23 30.4          16.3 Vu~0hsfI39
04769        KC2012 07 23.08274 22 10 53.42 -24 23 33.2          16.2 Vu~0hsfI39
04769        KC2012 07 23.10181 22 10 51.33 -24 23 43.4          16.1 Vu~0hsfI39
04769        KC2012 07 23.10901 22 10 50.53 -24 23 46.6          16.1 Vu~0hsfI39
04769        QC2012 08 13.51314120 33 10.331-27 01 39.05         14.4 Vr~0iWRE12
04769        QC2012 08 13.52500620 33 03.722-27 01 38.00         14.6 Vr~0iWRE12
04769        QC2012 08 13.53643420 32 57.349-27 01 36.83         14.9 Vr~0iWRE12
04769        QC2012 08 13.54781220 32 51.012-27 01 35.57         14.7 Vr~0iWRE12
04769        QC2012 08 16.56942220 03 13.975-26 41 10.79         14.1 Vr~0iWRE12
04769        QC2012 08 16.58218620 03 05.496-26 41 00.70         14.2 Vr~0iWRE12
04769        QC2012 08 16.59490220 02 57.082-26 40 50.48         14.7 Vr~0iWRE12
04769         C2012 08 17.91794 19 48 23.49 -26 20 39.3                r~0iIVG44
04769         C2012 08 17.92870 19 48 15.88 -26 20 28.6                r~0iIVG44
04769         C2012 08 17.93907 19 48 08.53 -26 20 18.3                r~0iIVG44
04769         C2012 08 19.88100 19 24 50.92 -25 35 42.6          14.5 Vu~0iIVJ93
04769         C2012 08 19.88275 19 24 49.56 -25 35 39.5          14.6 Vu~0iIVJ93
04769         C2012 08 19.88453 19 24 48.23 -25 35 36.7          14.5 Vu~0iIVJ93
04769        8C2012 08 23.37704218 38 41.433-23 16 42.10         14.1 Rt~0ialF65
04769        8C2012 08 23.37874318 38 39.987-23 16 36.60         14.1 Rt~0ialF65
04769         C2012 08 31.05780416 53 14.99 -14 09 58.9          14.6 Vu~0iWRH21
04769         C2012 08 31.05948416 53 13.65 -14 09 50.4          14.6 Vu~0iWRH21
04769         C2012 08 31.06061016 53 12.75 -14 09 44.6          14.5 Vu~0iWRH21
04769         C2012 08 31.06210216 53 11.57 -14 09 37.1          14.6 Vu~0iWRH21
04769         C2012 08 31.06340916 53 10.53 -14 09 30.4          14.6 Vu~0iWRH21
04769         C2012 08 31.06490416 53 09.34 -14 09 22.7          14.7 Vu~0iWRH21
04769         C2012 08 31.06621416 53 08.30 -14 09 15.9          14.8 Vu~0iWRH21
04769         C2012 08 31.06863116 53 06.39 -14 09 03.8          14.9 Vu~0iWRH21
04769        QC2012 09 04.39888 16 01 27.21 -08 02 31.9          16.0 Vr~0iWRE12
04769        QC2012 09 04.41016 16 01 19.59 -08 01 36.1          16.4 Vr~0iWRE12
04769        QC2012 09 04.43305 16 01 04.20 -07 59 43.2          16.4 Vr~0iWRE12
04769        2C2012 09 10.74129415 01 17.41 -00 21 56.3          18.6 Ru~0ial089
04769        2C2012 09 10.74474915 01 15.67 -00 21 44.0          18.0 Ru~0ial089
04769        2C2012 09 10.74815115 01 13.94 -00 21 31.6          19.1 Ru~0ial089
04769         C2013 06 08.30044 20 17 48.301-36 55 45.65         17.8 Ro~0srI844
04769         C2013 06 08.30791 20 17 47.599-36 55 49.13         19.6 Ro~0srI844
04769         C2013 08 02.15337 17 26 51.77 -35 42 27.7          18.3 Rr~0tSKY00
04769         C2013 08 02.15690 17 26 51.30 -35 42 23.7          18.4 Rr~0tSKY00
04769         C2013 08 02.16006 17 26 50.84 -35 42 20.2          18.3 Rr~0tSKY00
04769         C2013 08 03.08985 17 24 48.52 -35 26 11.9          18.1 Rr~0tSKY00
04769         C2013 08 03.09437 17 24 47.89 -35 26 06.8          18.2 Rr~0tSKY00
04769         C2013 08 03.09889 17 24 47.30 -35 26 02.6          18.3 Rr~0tSKY00
04769         C2013 08 08.10413 17 15 25.66 -33 58 41.4          18.1 Rr~0tSKY00
04769         C2013 08 08.10864 17 15 25.18 -33 58 34.8          18.4 Rr~0tSKY00
04769         C2013 08 08.11316 17 15 24.63 -33 58 31.4          18.4 Rr~0tSKY00
04769         C2013 09 08.25076 17 05 30.510-26 33 00.17         19.7 gL~0uMEF51
04769         C2013 09 08.25209 17 05 30.550-26 32 59.16         19.4 gL~0uMEF51
04769         C2013 09 08.26114 17 05 30.854-26 32 53.09         19.2 gL~0uMEF51
04769         C2013 09 08.26248 17 05 30.889-26 32 52.12         19.3 gL~0uMEF51
04769         S2015 03 26.69681718 30 33.022-43 33 44.75               L~6GtqC51
04769         s2015 03 26.6968171 +  309.4631 - 5036.0368 - 4676.3745   ~6GtqC51
04769         S2015 03 26.95951518 30 16.615-43 39 00.61               L~6GtqC51
04769         s2015 03 26.9595151 +  324.4363 - 5010.6424 - 4702.5355   ~6GtqC51
04769         S2015 03 27.02522118 30 12.367-43 40 15.24               L~6GtqC51
04769         s2015 03 27.0252211 +  323.4339 - 4990.4301 - 4724.0475   ~6GtqC51
04769         S2015 03 27.09080118 30 08.220-43 41 34.62               L~6GtqC51
04769         s2015 03 27.0908011 +  341.2476 - 5025.3591 - 4685.5858   ~6GtqC51
04769         S2015 03 27.15650718 30 04.102-43 42 52.34               L~6GtqC51
04769         s2015 03 27.1565071 +  340.2053 - 5005.1708 - 4707.2210   ~6GtqC51
04769         S2015 03 27.28779318 29 55.786-43 45 28.94               L~6GtqC51
04769         s2015 03 27.2877931 +  357.0285 - 5019.7637 - 4690.3817   ~6GtqC51
04769        4C2015 06 06.15624 14 20 33.41 -40 12 42.4          18.5 Vq~1T4iW88
04769        4C2015 06 06.23996 14 20 25.53 -40 10 24.2          18.4 Vq~1T4iW88
04769        4C2015 06 06.28688 14 20 21.24 -40 09 06.6          18.3 Vq~1T4iW88
04769         C2015 06 20.27260 14 09 51.373-34 43 52.03         18.6 wL~1TofF51
04769         C2015 06 20.28194 14 09 51.228-34 43 41.10         18.8 wL~1TofF51
04769         C2015 06 20.29122 14 09 51.082-34 43 30.30         18.6 wL~1TofF51
04769         C2015 06 20.30051 14 09 50.938-34 43 19.40         18.5 wL~1TofF51
04769        |C2015 07 02.11733 14 12 20.75 -31 31 08.2          18.8 Vu~1UGy807
04769        |C2015 07 02.12035 14 12 20.81 -31 31 05.9          19.2 Vu~1UGy807
04769        |C2015 07 02.12353 14 12 20.92 -31 31 04.0          18.5 Vu~1UGy807
04769        |C2015 07 02.12640 14 12 21.03 -31 31 01.8          18.3 Vu~1UGy807
04769        |C2015 07 03.06741 14 12 52.02 -31 18 45.3          20.0 Vu~1UGy807
04769        |C2015 07 03.07035 14 12 52.09 -31 18 43.7          20.4 Vu~1UGy807
04769        |C2015 07 03.07343 14 12 52.15 -31 18 40.7          19.2 Vu~1UGy807
04769        |C2015 07 03.07622 14 12 52.24 -31 18 39.0          18.6 Vu~1UGy807
04769        |C2015 07 03.07931 14 12 52.32 -31 18 36.5          19.3 Vu~1UGy807
04769         C2016 04 15.25168 06 15 20.64 -06 46 28.8          16.9 wL~1rTNT05
04769         C2016 04 15.26802 06 15 31.91 -06 47 18.2          17.5 wL~1rTNT05
04769         C2016 04 15.28597 06 15 44.44 -06 48 11.9          17.4 wL~1rTNT05
04769         C2016 04 15.30394 06 15 56.92 -06 49 05.2          17.3 wL~1rTNT05
04769        KC2016 04 15.81432 06 21 56.01 -07 15 00.4          17.6 Rq~1rTN160
04769        KC2016 04 15.81567 06 21 56.88 -07 15 04.5          17.7 Rq~1rTN160
04769        KC2016 04 15.81700 06 21 57.85 -07 15 07.7          18.1 Rq~1rTN160
04769        KC2016 04 17.05401 06 36 22.80 -08 15 38.2                q~1rTNH21
04769        KC2016 04 17.05666 06 36 24.61 -08 15 46.9                q~1rTNH21
04769        HC2016 04 17.05932 06 36 26.45 -08 15 53.9                q~1rTNH21
04769        KC2016 04 17.06198 06 36 28.28 -08 16 01.3          18.1 Vq~1rTNH21
04769        KC2016 04 17.06464 06 36 30.10 -08 16 09.5          17.9 Vq~1rTNH21
04769        KC2016 04 17.06730 06 36 31.93 -08 16 16.7          18.0 Vq~1rTNH21
04769        KC2016 04 17.06995 06 36 33.75 -08 16 24.2          18.0 Vq~1rTNH21
04769        KC2016 04 18.05625 06 47 56.36 -09 02 38.0          17.6 Vq~1rTNH21
04769        KC2016 04 18.05906 06 47 58.26 -09 02 45.7          17.5 Vq~1rTNH21
04769        KC2016 04 18.06186 06 48 00.18 -09 02 53.3          17.5 Vq~1rTNH21
04769        KC2016 04 18.06467 06 48 02.07 -09 03 01.0          17.8 Vq~1rTNH21
04769        KC2016 04 18.06747 06 48 03.98 -09 03 08.6          17.5 Vq~1rTNH21
04769        KC2016 04 18.07026 06 48 05.88 -09 03 16.2          17.6 Vq~1rTNH21
04769        KC2016 04 18.07303 06 48 07.75 -09 03 23.9          17.8 Vq~1rTNH21
04769        "C2016 04 22.09124507 32 35.16 -11 48 38.0          17.4 Rt~1rhP705
04769        "C2016 04 22.09225107 32 35.78 -11 48 40.1          17.4 Rt~1rhP705
04769         C2016 04 29.06697408 38 54.03 -15 01 05.1          17.2 Vu~1s7GH21
04769         C2016 04 29.06943608 38 55.27 -15 01 08.0          17.8 Vu~1s7GH21
04769         C2016 04 29.07118508 38 56.12 -15 01 10.0          17.6 Vu~1s7GH21
04769         C2016 04 29.07293408 38 56.98 -15 01 12.2          18.1 Vu~1s7GH21
04769         C2016 04 29.07468408 38 57.85 -15 01 13.8          17.6 Vu~1s7GH21
04769         C2016 04 29.07643308 38 58.71 -15 01 16.1          17.4 Vu~1rhPH21
04769         C2016 04 29.07818208 38 59.59 -15 01 18.1          17.9 Vu~1rhPH21
04769         C2016 04 29.07993108 39 00.46 -15 01 19.9          17.4 Vu~1rhPH21
04769         C2016 04 29.08255008 39 01.74 -15 01 23.0          17.4 Vu~1rhPH21
04769         S2016 05 04.05465609 16 59.726-16 18 31.18               L~6GtqC51
04769         s2016 05 04.0546561 - 5598.5950 + 3480.0711 - 1921.3703   ~6GtqC51
04769         S2016 05 04.18568809 17 53.976-16 20 04.34               L~6GtqC51
04769         s2016 05 04.1856881 - 5603.4992 + 3462.3511 - 1939.0366   ~6GtqC51
04769         S2016 05 04.31671909 18 48.000-16 21 36.36               L~6GtqC51
04769         s2016 05 04.3167191 - 5608.3081 + 3444.5969 - 1956.7089   ~6GtqC51
04769         S2016 05 04.44788 09 19 41.79 -16 23 07.9          18   RL~1sgSC51
04769         s2016 05 04.44788 1 - 5626.9776 + 3448.7872 - 1894.5498   ~1sgSC51
04769         S2016 05 04.57891 09 20 35.27 -16 24 37.0                L~1sgSC51
04769         s2016 05 04.57891 1 - 5632.1371 + 3431.4903 - 1910.9356   ~1sgSC51
04769         S2016 05 04.64436 09 21 01.86 -16 25 21.8                L~1sgSC51
04769         s2016 05 04.64436 1 - 5627.5337 + 3411.6963 - 1959.4790   ~1sgSC51
04769         S2016 05 04.70994 09 21 28.47 -16 26 05.4                L~1sgSC51
04769         s2016 05 04.70994 1 - 5636.9535 + 3413.8053 - 1928.3650   ~1sgSC51
04769         S2016 05 04.77552 09 21 54.99 -16 26 49.5                L~1sgSC51
04769         s2016 05 04.77552 1 - 5646.2695 + 3415.8336 - 1897.1688   ~1sgSC51
04769         S2016 05 04.84096909 22 21.360-16 27 32.47               L~6GtqC51
04769         s2016 05 04.8409691 - 5641.6866 + 3396.1092 - 1945.7075   ~6GtqC51
04769         S2016 05 04.90654909 22 47.765-16 28 16.07               L~6GtqC51
04769         s2016 05 04.9065491 - 5651.0714 + 3398.1613 - 1914.5377   ~6GtqC51
04769         S2016 05 05.10315909 24 06.466-16 30 23.98               L~6GtqC51
04769         s2016 05 05.1031591 - 5665.1505 + 3382.4825 - 1900.5754   ~6GtqC51
04769         S2016 05 05.16861009 24 32.537-16 31 05.59               L~6GtqC51
04769         s2016 05 05.1686101 - 5660.4344 + 3362.7743 - 1949.1125   ~6GtqC51
04769         S2016 05 05.29976909 25 24.612-16 32 29.11               L~6GtqC51
04769         s2016 05 05.2997691 - 5679.1598 + 3366.7313 - 1886.5977   ~6GtqC51
04769         S2016 05 05.43079909 26 16.330-16 33 51.12               L~6GtqC51
04769         s2016 05 05.4307991 - 5683.8681 + 3349.0769 - 1903.8046   ~6GtqC51
04769         S2016 05 05.56182609 27 07.805-16 35 12.37               L~6GtqC51
04769         s2016 05 05.5618261 - 5688.1431 + 3330.8758 - 1922.9191   ~6GtqC51
04769         S2016 05 05.69285809 27 59.033-16 36 31.68               L~6GtqC51
04769         s2016 05 05.6928581 - 5692.7404 + 3313.2812 - 1939.6742   ~6GtqC51
04769        KC2016 05 06.06790009 30 24.03 -16 40 36.4          17.3 Vr~1s7GH21
04769        KC2016 05 06.07221809 30 25.65 -16 40 38.8          17.4 Vr~1s7GH21
04769        KC2016 05 06.07653709 30 27.27 -16 40 41.2          17.3 Vr~1s7GH21
04769         C2016 05 12.25232 10 05 48.96 -17 24 50.5          17.8 wL~1sgST05
04769         C2016 05 12.26166 10 05 51.76 -17 24 53.5          18.1 wL~1sgST05
04769         C2016 05 12.27295 10 05 55.05 -17 24 57.5          18.0 wL~1sgST05
04769         C2016 05 12.28319 10 05 58.07 -17 25 01.2          18.0 wL~1sgST05
04769         C2016 05 17.82644 10 31 53.43 -17 47 09.4          18.4 Ro~1t7OK95
04769         C2016 05 17.83378 10 31 55.24 -17 47 11.6          18.0 Ro~1t7OK95
04769        "C2016 05 20.10888410 41 21.75 -17 54 12.8          17.7 Rt~1tbn705
04769        "C2016 05 20.10989810 41 21.99 -17 54 12.8          17.8 Rt~1tbn705
04769        "C2016 05 20.11091010 41 22.21 -17 54 12.9          17.8 Rt~1tbn705
04769         C2016 05 30.27351 11 17 26.29 -18 16 21.3          18.3 wL~1tlNT05
04769         C2016 05 30.28564 11 17 28.50 -18 16 22.2          18.5 wL~1tlNT05
04769         C2016 05 30.29562 11 17 30.36 -18 16 24.4          18.4 wL~1tlNT05
04769         C2016 05 30.30746 11 17 32.52 -18 16 25.8          18.8 wL~1tlNT05
04769         C2016 06 04.14249 11 32 12.57 -18 25 59.8          18.8 rR~1uByG45
04769         C2016 06 04.14743 11 32 13.45 -18 26 00.4          18.8 rR~1uByG45
04769         C2016 06 04.15210 11 32 14.20 -18 26 00.1          19.0 rR~1uByG45
04769         C2016 06 04.16198 11 32 15.91 -18 26 01.0          18.9 rR~1uByG45
04769         S2016 06 10.86217111 50 51.878-18 40 33.20               L~6GtqC51
04769         s2016 06 10.8621711 - 6405.9049 -  740.9652 - 2367.8917   ~6GtqC51
04769         S2016 06 11.12423311 51 33.571-18 41 12.05               L~6GtqC51
04769         s2016 06 11.1242331 - 6395.9817 -  772.0672 - 2384.7372   ~6GtqC51
04769        "C2016 06 17.12247712 06 55.32 -18 56 55.8          19.0 Rt~1uoM705
04769        "C2016 06 17.12349412 06 55.49 -18 56 56.1          18.8 Rt~1uoM705
04769        "C2016 06 17.12450712 06 55.63 -18 56 56.1          19.1 Rt~1uoM705
04769         C2021 07 07.47655004 05 19.93 +24 35 08.0          19.24rU~4u7MI41
04769         C2021 07 07.47891004 05 20.87 +24 35 10.7          19.15rU~4u7MI41
04769         C2021 07 07.48365004 05 22.75 +24 35 17.2          19.00rU~4u7MI41
04769         C2021 07 07.48602004 05 23.69 +24 35 20.3          19.06rU~4u7MI41
04769         C2022 06 05.58351323 52 21.588-04 47 28.38         20.16wU~5g1xF52
04769         C2022 06 05.58793123 52 22.381-04 47 21.90         20.38wU~5g1xF52
04769         C2022 06 05.59236123 52 23.178-04 47 15.46         20.49wU~5g1xF52
04769         C2022 06 05.59678423 52 23.971-04 47 09.02         20.49wU~5g1xF52
04769         C2022 07 10.44585302 10 21.695+13 51 50.62               V~5i8Z703
04769         C2022 07 10.44933202 10 22.771+13 51 59.58         19.40GV~5i8Z703
04769         C2022 07 10.45281402 10 23.930+13 52 08.04         18.94GV~5i8Z703
04769        1C2023 05 25.45366522 13 31.480-20 02 04.63         19.28GV~6q8GG96
04769        1C2023 05 25.45710422 13 31.843-20 02 02.69         19.49GV~6q8GG96
04769        1C2023 05 25.46054222 13 32.214-20 02 00.71         19.76GV~6q8GG96
04769        1C2023 05 25.46398322 13 32.574-20 01 59.23         19.89GV~6q8GG96
04769        1C2023 06 12.42992922 45 22.651-17 14 44.20         19.18GV~6q8GG96
04769        1C2023 06 12.43521922 45 23.220-17 14 41.35               V~6q8GG96
04769        1C2023 06 12.44051322 45 23.742-17 14 38.08               V~6q8GG96
04769        1C2023 06 12.44580622 45 24.264-17 14 34.80         19.50GV~6q8GG96
04769        1C2023 06 13.42128322 47 06.601-17 04 50.30         19.01GV~6q8GG96
04769        1C2023 06 13.42656222 47 07.141-17 04 47.24         18.91GV~6q8GG96
04769        1C2023 06 13.43184822 47 07.681-17 04 44.29         18.78GV~6q8GG96
04769        1C2023 06 13.43714222 47 08.218-17 04 40.91         18.80GV~6q8GG96
04769         C2023 06 17.33294922 53 56.026-16 24 41.33         19.05cV~7hHFW68
04769         C2023 06 17.33566122 53 56.273-16 24 38.74         18.98cV~7hHFW68
04769         C2023 06 17.36099922 53 58.807-16 24 23.44         19.13cV~7hHFW68
04769         C2023 06 17.36373422 53 59.050-16 24 22.07         19.10cV~7hHFW68
04769         C2023 06 21.08903123 00 29.196-15 44 40.74         18.59oV~7hHFM22
04769         C2023 06 21.09473023 00 29.753-15 44 37.50         18.53oV~7hHFM22
04769         C2023 06 21.09744623 00 30.007-15 44 35.09         18.63oV~7hHFM22
04769         C2023 06 21.11160223 00 31.433-15 44 26.56         18.63oV~7hHFM22
04769        1C2023 06 28.40546823 13 22.422-14 20 53.99         18.31GV~6vgJ703
04769        1C2023 06 28.41112923 13 23.027-14 20 49.52         18.64GV~6vgJ703
04769        1C2023 06 28.41679023 13 23.653-14 20 45.49         18.66GV~6vgJ703
04769        1C2023 06 28.42244523 13 24.197-14 20 41.89         18.64GV~6vgJ703
04769         C2023 07 05.30358523 25 55.075-12 50 30.98         17.80oV~7hHFW68
04769         C2023 07 05.30634123 25 55.358-12 50 28.21         18.08oV~7hHFW68
04769         C2023 07 05.32983323 25 57.869-12 50 08.34         18.01oV~7hHFW68
04769         C2023 07 05.33306823 25 58.183-12 50 05.24         18.34oV~7hHFW68
04769        KC2023 07 10.08935323 35 03.81 -11 38 57.7          18.0 GX~89eBC95
04769        KC2023 07 10.09739123 35 04.72 -11 38 49.6          16.2 GX~89eBC95
04769         C2023 07 12.14572023 39 08.988-11 04 33.42         17.54oV~70XIM22
04769         C2023 07 12.14892023 39 09.384-11 04 30.00         17.66oV~70XIM22
04769         C2023 07 12.15672623 39 10.282-11 04 21.97         18.01oV~70XIM22
04769         C2023 07 12.16720323 39 11.460-11 04 10.88         18.10oV~70XIM22
04769         C2023 07 13.40528023 41 43.243-10 42 34.38         17.32oV~70XIW68
04769         C2023 07 13.43293023 41 46.447-10 42 04.54         17.43oV~70XIW68
04769         C2023 07 13.43713723 41 46.939-10 41 59.78         17.60oV~70XIW68
04769         C2023 07 18.08381323 51 48.749-09 11 38.18         17.41cV~70XIM22
04769         C2023 07 18.08840323 51 49.327-09 11 32.35         17.46cV~70XIM22
04769         C2023 07 18.09207523 51 49.807-09 11 27.60         17.47cV~70XIM22
04769         C2023 07 18.11651123 51 52.922-09 10 56.46         17.99cV~70XIM22
04769         C2023 07 25.58168400 10 42.984-06 01 59.51         16.79wX~70XIF51
04769         C2023 07 25.59165400 10 44.578-06 01 41.34         16.80wX~70XIF51
04769         C2023 07 25.60163100 10 46.177-06 01 23.12         17.07wX~70XIF51
04769         C2023 07 28.27397400 18 51.173-04 32 58.99         16.88oV~70XIW68
04769         C2023 07 28.27670100 18 51.665-04 32 53.20         16.80oV~70XIW68
04769         C2023 07 28.28166100 18 52.562-04 32 42.68         16.71oV~70XIW68
04769         C2023 07 29.58204100 23 09.579-03 44 57.66         16.65wX~70XIF52
04769         C2023 07 29.58965200 23 11.037-03 44 40.01         16.68wX~70XIF52
04769         C2023 07 29.59725700 23 12.494-03 44 22.52         16.70wX~70XIF52
04769         C2023 07 29.60486100 23 13.958-03 44 04.86         16.74wX~70XIF52
04769         C2023 07 31.26832900 29 10.874-02 35 40.67         16.07oV~70XIW68
04769         C2023 07 31.28849000 29 15.168-02 34 48.61         16.03oV~70XIW68
04769         C2023 07 31.30400200 29 18.463-02 34 08.44         16.23oV~70XIW68
04769         C2023 07 31.30807300 29 19.330-02 33 57.74         16.23oV~70XIW68
04769         C2023 08 01.99357000 35 56.513-01 16 39.36         16.03oV~77NUM22
04769         C2023 08 01.99588200 35 57.096-01 16 32.52         15.99oV~77NUM22
04769         C2023 08 02.00000600 35 58.056-01 16 20.46         16.08oV~77NUM22
04769         C2023 08 02.00549900 35 59.369-01 16 04.48         16.10oV~77NUM22
04769         C2023 08 08.17440101 07 36.588+05 06 31.72         15.94oV~77NUM22
04769         C2023 08 08.17690601 07 37.519+05 06 43.49         16.00oV~77NUM22
04769         C2023 08 08.17966901 07 38.534+05 06 56.41         15.62oV~77NUM22
04769         C2023 08 08.18286701 07 39.720+05 07 11.39         15.71oV~77NUM22
04769         C2023 08 08.92147 01 12 37.38 +06 05 55.4          16.1 R ~77NUM32
04769         C2023 08 08.92285 01 12 37.92 +06 06 01.8          16.1 R ~77NUM32
04769         C2023 08 08.92469 01 12 38.65 +06 06 11.0          15.8 R ~77NUM32
04769         C2023 08 08.92630 01 12 39.36 +06 06 20.0          15.7 R ~77NUM32
04769         C2023 08 08.92767 01 12 39.89 +06 06 26.5          16.0 R ~77NUM32
04769         C2023 08 10.91896 01 27 37.61 +09 07 16.8          15.6 R ~77NUM32
04769         C2023 08 10.92013 01 27 38.19 +09 07 23.7          15.5 R ~77NUM32
04769         C2023 08 10.92130 01 27 38.76 +09 07 30.6          15.5 R ~77NUM32
04769         C2023 08 10.92246 01 27 39.33 +09 07 37.5          15.5 R ~77NUM32
04769         C2023 08 10.92363 01 27 39.89 +09 07 44.4          15.4 R ~77NUM32
04769         C2023 08 11.00931 01 28 21.98 +09 16 12.4          15.6 GV~77NUC23
04769         C2023 08 11.01252 01 28 23.57 +09 16 31.7          15.6 GV~77NUC23
04769         C2023 08 11.01573 01 28 25.14 +09 16 51.1          15.5 GV~77NUC23
04769         C2023 08 11.08422801 28 58.162+09 24 55.12         15.37oV~77NUM22
04769         C2023 08 11.08604101 28 59.033+09 25 05.95         15.31oV~77NUM22
04769         C2023 08 11.08920101 29 00.559+09 25 24.96         15.31oV~77NUM22
04769         C2023 08 11.09510101 29 03.396+09 26 00.31         15.13oV~77NUM22
04769        KC2023 08 11.09609 01 29 04.265+09 24 58.97         15.5 GV~77NU160
04769        KC2023 08 11.09951 01 29 05.928+09 25 19.60         15.3 GV~77NU160
04769        KC2023 08 11.10286 01 29 07.550+09 25 39.40         15.1 GV~77NU160
04769         C2023 08 11.96654 01 36 41.18 +10 55 09.0          15.8 R ~77NUM32
04769         C2023 08 11.96764 01 36 41.78 +10 55 16.4          15.9 R ~77NUM32
04769         C2023 08 11.96874 01 36 42.36 +10 55 23.6          15.9 R ~77NUM32
04769         C2023 08 11.96984 01 36 42.96 +10 55 30.6          16.0 R ~77NUM32
04769         C2023 08 11.97002 01 36 43.05 +10 55 31.6          16.1 R ~77NUM32
04769        KC2023 08 11.99852 01 36 58.884+10 58 38.93         16.0 Vq~77NUM16
04769        KC2023 08 12.00657 01 37 03.221+10 59 31.24         16.0 Vq~77NUM16
04769        KC2023 08 12.01466 01 37 07.560+11 00 23.62         15.8 Vq~77NUM16
04769         C2023 08 12.34992601 40 13.061+11 38 15.43         15.71cV~77NUW68
04769         C2023 08 12.35173801 40 14.047+11 38 27.53         15.70cV~77NUW68
04769         C2023 08 12.35490901 40 15.782+11 38 48.62         15.60cV~77NUW68
04769         C2023 08 12.37529701 40 26.928+11 41 04.63         15.66cV~77NUW68
04769         C2023 08 13.03684801 46 57.838+12 56 31.74         15.11oV~77NUM22
04769         C2023 08 13.06173001 47 12.509+12 59 27.38         15.28oV~77NUM22
04769         C2023 08 13.06581401 47 14.916+12 59 56.33         15.30oV~77NUM22
04769         C2023 08 13.07180401 47 18.449+13 00 38.56         15.33oV~77NUM22
04769         C2023 08 14.00675 01 57 18.93 +14 52 54.4          15.7 GV~77NUC23
04769         C2023 08 14.00986 01 57 20.98 +14 53 18.2          16.0 GV~77NUC23
04769         C2023 08 14.01348 01 57 23.39 +14 53 45.4          16.1 GV~77NUC23
04769         C2023 08 15.55568302 16 11.410+18 19 08.15         16.13cV~77NUT05
04769         C2023 08 15.55749102 16 12.797+18 19 23.66         16.09cV~77NUT05
04769         C2023 08 15.56159802 16 15.962+18 19 58.19         16.06cV~77NUT05
04769         C2023 08 15.56704702 16 20.141+18 20 44.02         16.12cV~77NUT05
04769         C2023 08 15.57713702 16 27.890+18 22 08.62         15.83cV~77NUT05
04769         C2023 08 15.57883202 16 29.220+18 22 23.05         15.78cV~77NUT05
04769         C2023 08 15.85108 02 20 10.08 +18 59 56.1          14.8 Rq~7hHF168
04769         C2023 08 15.87891 02 20 32.63 +19 03 53.8          15.6 Rq~7hHF168
04769         C2023 08 15.90735 02 20 55.80 +19 07 58.8          15.6 Rq~7hHF168
04769         C2023 08 15.93243 02 21 16.19 +19 11 33.8          14.9 Rq~7hHF168
04769         C2023 08 16.84761 02 34 32.75 +21 24 50.0          15.5 Rq~7hHF168
04769         C2023 08 16.87962 02 35 01.82 +21 29 38.7          15.8 Rq~7hHF168
04769         C2023 08 16.91363 02 35 32.70 +21 34 45.4          15.8 Rq~7hHF168
04769         C2023 08 16.96990 02 36 23.77 +21 43 12.6          16.0 Rq~7hHF168
04769         C2023 08 18.83321 03 08 11.09 +26 28 30.5          15.2 Rq~7hHF168
04769         C2023 08 18.87557 03 08 58.60 +26 35 09.0          15.7 Rq~7hHF168
04769         C2023 08 18.91474 03 09 42.51 +26 41 17.1          15.2 Rq~7hHF168
04769         C2023 08 18.94094 03 10 11.90 +26 45 23.1          15.8 Rq~7hHF168
04769        KB2023 08 19.09406 03 13 07.29 +27 09 10.3          15.2 GV~784QL65
04769        KB2023 08 19.09559 03 13 09.03 +27 09 24.7          15.3 GV~784QL65
04769        KB2023 08 19.09703 03 13 10.65 +27 09 38.2          15.3 GV~784QL65
04769         C2023 08 19.57358003 22 34.296+28 23 46.14         17.11cV~784QT05
04769         C2023 08 19.57677003 22 38.062+28 24 15.80         16.97cV~784QT05
04769         C2023 08 19.58231803 22 44.616+28 25 07.46         16.08cV~784QT05
04769         C2023 08 19.59363503 22 57.960+28 26 52.69         15.71cV~784QT05
04769         C2023 08 19.84552 03 28 07.18 +29 04 19.1          15.3 Rq~7hHF168
04769         C2023 08 19.87614 03 28 45.00 +29 09 01.8          15.5 Rq~7hHF168
04769         C2023 08 19.90319 03 29 18.41 +29 13 11.1          15.9 Rq~7hHF168
04769         C2023 08 19.94138 03 30 05.59 +29 19 02.7          15.3 Rq~7hHF168
04769        KC2023 08 20.16163803 34 42.79 +29 52 37.7          16.2 GX~89eBC95
04769        KC2023 08 20.16530103 34 47.40 +29 53 10.6          17.1 GX~89eBC95
04769        KC2023 08 20.16891203 34 51.90 +29 53 43.2          16.3 GX~89eBC95
04769        KB2023 08 21.11221 03 55 44.12 +32 11 00.2          16.3 GV~784QL65
04769        KB2023 08 21.11364 03 55 46.04 +32 11 12.2          16.1 GV~784QL65
04769        KB2023 08 21.11499 03 55 47.88 +32 11 23.8          16.0 GV~784QL65
04769         C2023 08 21.56739504 06 22.598+33 14 22.42         16.39cV~784QT05
04769         C2023 08 21.57056704 06 27.038+33 14 48.55         16.19cV~784QT05
04769         C2023 08 21.58071404 06 41.165+33 16 12.14         16.29cV~784QT05
04769         C2023 08 21.58524004 06 47.498+33 16 49.37         16.37cV~784QT05
04769         C2023 08 21.86515 04 13 29.12 +33 52 47.0          16.3 Rq~7hHF168
04769         C2023 08 21.88750 04 14 01.40 +33 55 43.8          16.3 Rq~7hHF168
04769         C2023 08 21.91099 04 14 35.41 +33 58 49.9          16.4 Rq~7hHF168
04769         C2023 08 23.02974 04 42 29.88 +36 11 46.3          16.1 GV~784QC23
04769         C2023 08 23.03335 04 42 35.41 +36 12 10.2          16.3 GV~784QC23
04769         C2023 08 23.03696 04 42 40.87 +36 12 34.5          15.9 GV~784QC23
04769         C2023 08 26.11499 06 02 43.85 +39 51 23.4          16.5 GV~784QC23
04769         C2023 08 26.11723 06 02 47.39 +39 51 27.8          16.8 GV~784QC23
04769         C2023 08 26.11948 06 02 50.71 +39 51 32.4          17.0 GV~784QC23
04769         C2023 08 28.11455 06 51 00.38 +40 16 56.4          17.0 GV~784QC23
04769         C2023 08 28.11530 06 51 01.24 +40 16 55.9          17.0 GV~784QC23
04769         C2024 06 02.57637421 03 35.473-31 22 14.31         19.34wX~83TFF51
04769         C2024 06 02.58419721 03 35.472-31 22 17.23         19.07wX~83TFF51
04769         C2024 06 02.59202021 03 35.465-31 22 19.58         19.11wX~83TFF51
04769         C2024 06 17.27927520 57 15.300-33 14 13.16         18.34oV~85SJW68
04769         C2024 06 17.28154020 57 15.170-33 14 14.39         18.35oV~85SJW68
04769         C2024 06 17.28428120 57 14.954-33 14 16.33         18.39oV~85SJW68
04769         C2024 06 17.29801820 57 14.081-33 14 24.11         18.48oV~85SJW68
04769         C2024 06 20.24898220 53 47.782-33 43 23.74         17.81oV~87DCW68
04769         C2024 06 20.25139920 53 47.609-33 43 25.18         18.00oV~87DCW68
04769         C2024 06 20.25460220 53 47.335-33 43 26.51         17.62oV~87DCW68
04769         C2024 06 20.25969920 53 46.843-33 43 30.14         18.14oV~87DCW68
04769         C2024 06 26.99437420 42 31.913-34 55 05.74         17.98oV~87DCM22
04769         C2024 06 26.99628320 42 31.697-34 55 06.74         18.07oV~87DCM22
04769         C2024 06 26.99923420 42 31.279-34 55 09.26         18.05oV~87DCM22
04769         C2024 06 27.03444220 42 26.702-34 55 32.66         17.79oV~87DCM22
04769         C2024 06 29.23837220 37 38.057-35 19 44.08         17.73oV~87DCW68
04769         C2024 06 29.24108120 37 37.663-35 19 45.95         17.75oV~87DCW68
04769         C2024 06 29.24427020 37 37.198-35 19 47.82         17.41oV~87DDW68
04769         C2024 06 29.24930420 37 36.468-35 19 51.74         17.34oV~87DDW68
04769         C2024 07 01.08500020 33 07.735-35 39 50.33         17.72oV~87DDM22
04769         C2024 07 01.08794920 33 07.265-35 39 52.13         17.80oV~87DDM22
04769         C2024 07 01.09481220 33 06.158-35 39 56.45         17.96oV~87DDM22
04769         C2024 07 01.10467220 33 04.615-35 40 02.53         17.63oV~87DDM22
04769         C2024 07 02.23352020 30 07.985-35 52 10.99         17.28oV~87DDW68
04769         C2024 07 02.23671020 30 07.466-35 52 13.12         17.23oV~87DDW68
04769         C2024 07 02.24224620 30 06.538-35 52 16.79         17.18oV~87DDW68
04769         C2024 07 02.25051020 30 05.117-35 52 22.15         17.27oV~87DDW68
04769         C2024 07 03.20630320 27 27.542-36 02 26.95         17.39oV~87DDW68
04769         C2024 07 03.20811220 27 27.211-36 02 28.18         17.43oV~87DDW68
04769         C2024 07 03.21132820 27 26.645-36 02 30.30         17.55oV~87DDW68
04769         C2024 07 03.21682820 27 25.690-36 02 33.65         17.56oV~87DDW68
04769         C2024 07 06.21010220 18 26.414-36 32 39.08         17.56oV~87DDW68
04769         C2024 07 06.24513420 18 19.414-36 32 59.21         17.01oV~87DDW68
04769         C2024 07 06.24878420 18 18.703-36 33 01.19         17.17oV~87DDW68
04769         C2024 07 06.25541920 18 17.359-36 33 05.04         17.23oV~87DDW68
04769         C2024 07 06.94342320 16 04.178-36 39 32.69         17.54cV~87DDM22
04769         C2024 07 06.94529420 16 03.794-36 39 33.91         17.39cV~87DDM22
04769         C2024 07 06.94620020 16 03.636-36 39 34.13         17.50cV~87DDM22
04769         C2024 07 06.96121620 16 00.533-36 39 43.31         17.77cV~87DDM22
04769         C2024 07 14.15881419 49 27.132-37 31 52.03         16.72oV~89eBW68
04769         C2024 07 14.16061619 49 26.695-37 31 52.68         16.81oV~89eBW68
04769         C2024 07 14.16339619 49 25.990-37 31 53.36         16.74oV~89eBW68
04769         C2024 07 14.16429719 49 25.752-37 31 53.69         16.78oV~89eBW68
04769         C2024 07 14.16750019 49 24.948-37 31 54.59         16.78oV~89eBW68
04769         C2024 07 14.17027619 49 24.254-37 31 55.38         16.77oV~89eBW68
04769         C2024 07 14.17359119 49 23.407-37 31 56.35         16.79oV~89eBW68
04769         C2024 07 14.17584319 49 22.836-37 31 57.00         16.81oV~89eBW68
04769         C2024 07 18.11005519 32 48.182-37 43 34.54         17.02oV~89eBW68
04769         C2024 07 18.11277219 32 47.429-37 43 34.75         16.83oV~89eBW68
04769         C2024 07 18.11550319 32 46.704-37 43 34.86         16.94oV~89eBW68
04769         C2024 07 18.12066419 32 45.317-37 43 35.36         17.19oV~89eBW68
04769         C2024 07 26.14033018 56 55.742-37 18 09.18         17.25oV~89eBW68
04769         C2024 07 26.14351518 56 54.852-37 18 07.96         17.23oV~89eBW68
04769         C2024 07 26.15044118 56 52.922-37 18 04.90         17.04oV~89eBW68
04769         C2024 07 26.16024418 56 50.196-37 18 00.32         16.78oV~89eBW68
04769         C2024 07 30.15169418 39 18.797-36 39 37.66         17.40cV~89eBW68
04769         C2024 07 30.15494418 39 17.942-36 39 35.32         17.40cV~89eBW68
04769         C2024 07 30.16103318 39 16.313-36 39 30.85         17.36cV~89eBW68
04769         C2024 07 30.17091218 39 13.690-36 39 23.87         17.21cV~89eBW68
04769         C2024 07 31.89825618 31 56.578-36 17 56.22         16.95oV~8ArUM22
04769         C2024 07 31.90143018 31 55.764-36 17 53.66         16.95oV~8ArUM22
04769         C2024 07 31.90673418 31 54.386-36 17 49.31         16.95oV~8ArUM22
04769         C2024 07 31.91854518 31 51.358-36 17 39.52         17.22oV~8ArUM22
04769        KB2024 08 26.48672 17 21 45.88 -28 24 35.0          17.5 Vq~8CWaQ73
04769        KB2024 08 26.49390 17 21 45.24 -28 24 26.6          17.8 Vq~8CWaQ73
04769        KB2024 08 26.50115 17 21 44.63 -28 24 18.7          17.3 Vq~8CWaQ73
04769         C2024 08 27.02548317 21 03.732-28 14 19.00         17.66oV~8CWaW68
04769         C2024 08 27.02836417 21 03.478-28 14 15.94         17.39oV~8CWaW68
04769         C2024 08 27.03563517 21 02.873-28 14 07.01         17.57oV~8CWaW68
04769         C2024 08 30.76214017 16 49.109-27 04 14.48         17.94oV~8E0sM22
04769         C2024 08 30.76512217 16 48.881-27 04 11.06         17.82oV~8E0sM22
04769         C2024 08 30.77098217 16 48.509-27 04 04.55         17.70oV~8E0sM22
04769         C2024 08 30.78195217 16 47.794-27 03 52.31         17.61oV~8E0sM22
04769         C2024 09 01.05101917 15 36.727-26 40 40.76         17.67oV~8E0sW68
04769         C2024 09 01.06120017 15 36.132-26 40 29.50         17.64oV~8E0sW68
04769         C2024 09 01.06851317 15 35.698-26 40 21.40         17.89oV~8E0sW68
04769         C2024 09 06.73722117 11 42.276-25 00 31.28         19.09cV~8E0sM22
04769         C2024 09 06.74048217 11 42.091-25 00 28.40         18.89cV~8E0sM22
04769         C2024 09 06.74636117 11 41.882-25 00 22.14         18.56cV~8E0sM22
04769         C2024 09 06.75565617 11 41.546-25 00 12.02         18.29cV~8E0sM22
04769         C2024 09 06.75747017 11 41.498-25 00 09.97         18.10cV~8E0sM22
04769         C2024 09 06.75882917 11 41.477-25 00 08.50         18.12cV~8E0sM22
04769         C2024 09 06.76474417 11 41.263-25 00 02.48         18.04cV~8E0sM22
04769         C2024 09 06.78176817 11 40.567-24 59 43.33         18.65cV~8E0sM22
04769         C2024 09 16.01443117 08 59.642-22 28 13.48         18.39oV~8I19W68
04769         C2024 09 16.01762817 08 59.621-22 28 11.53         18.46oV~8I19W68
04769         C2024 09 16.02315817 08 59.484-22 28 05.84         18.09oV~8I19W68
04769         C2024 09 16.03333317 08 59.347-22 27 55.91         16.75oV~8I19W68
04769         C2024 09 20.02802217 08 42.216-21 25 07.21         18.61oV~8I19W68
04769         C2024 09 20.03165617 08 42.185-21 25 03.79         18.13oV~8I19W68
04769         C2024 09 20.03812117 08 42.134-21 24 57.96         18.14oV~8I19W68
04769         C2024 09 20.05966217 08 41.988-21 24 37.08         18.01oV~8I19W68
04769         C2024 10 03.73968217 08 17.654-17 50 07.15         18.16oV~8I19M22
04769         C2024 10 03.74288217 08 17.611-17 50 03.59         18.34oV~8I19M22
04769         C2024 10 03.74836217 08 17.604-17 49 59.05         18.36oV~8I19M22
04769         C2024 10 03.75905617 08 17.383-17 49 48.32         18.20oV~8I19M22
04769         C2025 05 05.05029719 37 19.886-37 53 23.53         19.45cV~8t9LM22
04769         C2025 05 05.05347119 37 19.850-37 53 25.44         19.41cV~8t9LM22
04769         C2025 05 05.05663019 37 19.870-37 53 26.88         19.32cV~8t9LM22
04769         C2025 05 05.07560719 37 19.817-37 53 37.68         19.46cV~8t9LM22
04769         C2025 05 07.06251119 37 14.729-38 10 52.39         19.23cV~8t9LM22
04769         C2025 05 07.06434919 37 14.803-38 10 52.03         19.24cV~8t9LM22
04769         C2025 05 07.07200919 37 14.652-38 10 58.30         19.29cV~8t9LM22
04769         C2025 05 07.07742819 37 14.666-38 11 00.31         18.94cV~8t9LM22
04769         C2025 05 22.99661919 25 11.592-40 51 12.74         18.34oV~8wDTM22
04769         C2025 05 22.99843619 25 11.448-40 51 13.61         18.50oV~8wDTM22
04769         C2025 05 23.00159519 25 11.179-40 51 15.55         18.43oV~8wDTM22
04769         C2025 05 23.01975419 25 09.430-40 51 27.50         18.20oV~8wDTM22
04769         C2025 05 23.99750419 23 38.978-41 02 00.78         18.94oV~8wDTM22
04769         C2025 05 23.99980119 23 38.702-41 02 02.29         18.53oV~8wDTM22
04769         C2025 05 24.00255119 23 38.450-41 02 04.78         18.74oV~8wDTM22
04769         C2025 05 24.00890219 23 37.759-41 02 08.66         18.45oV~8wDTM22
04769         C2025 05 26.98161819 18 25.128-41 33 59.83         18.45oV~8wDTM22
04769         C2025 05 26.98388919 18 24.859-41 34 01.88         18.45oV~8wDTM22
04769         C2025 05 26.98673719 18 24.511-41 34 04.04         18.51oV~8wDTM22
04769         C2025 05 26.99219519 18 23.885-41 34 06.89         18.25oV~8wDTM22
04769         C2025 05 27.54977119 17 18.395-41 40 11.19         18.48wX~8wDTF51
04769         C2025 05 27.55820619 17 17.337-41 40 16.53         18.75wX~8wDTF51
04769         C2025 05 27.56796819 17 16.109-41 40 22.62         18.90wX~8wDTF51
04769         C2025 05 27.57641619 17 15.051-41 40 27.96         18.84wX~8wDTF51
04769         C2025 05 31.08037219 09 39.142-42 16 07.97         18.14oV~8wDTM22
04769         C2025 05 31.08357019 09 38.676-42 16 10.16         18.16oV~8wDTM22
04769         C2025 05 31.08949519 09 37.788-42 16 13.48         18.14oV~8wDTM22
04769         C2025 05 31.09958119 09 36.302-42 16 19.02         18.01oV~8wDTM22
04769         C2025 06 02.24415319 04 18.182-42 36 46.48         18.37cV~8wDTW68
04769         C2025 06 02.24599419 04 17.858-42 36 47.70         18.11cV~8wDTW68
04769         C2025 06 02.24922119 04 17.362-42 36 49.10         18.21cV~8wDTW68
04769         C2025 06 02.25057319 04 17.184-42 36 49.97         18.50cV~8wDTW68
04769         C2025 06 02.25335619 04 16.711-42 36 52.16         18.59cV~8wDTW68
04769         C2025 06 02.25517219 04 16.382-42 36 53.28         18.32cV~8wDTW68
04769         C2025 06 02.25751219 04 16.025-42 36 53.57         18.38cV~8wDTW68
04769         C2025 06 18.24007018 11 14.412-43 51 22.54         17.70oV~8wDTW68
04769         C2025 06 18.24378118 11 13.529-43 51 22.36         17.56oV~8wDTW68
04769         C2025 06 18.27730418 11 05.594-43 51 18.97         17.89oV~8wDTW68
04769         C2025 06 18.30407618 10 59.273-43 51 16.06         17.80oV~8wDTW68
04769         C2025 06 24.03602417 48 53.746-43 27 25.56         17.54oV~8wDTW68
04769         C2025 06 24.04320117 48 52.068-43 27 23.18         17.51oV~8wDTW68
04769         C2025 06 24.05035517 48 50.371-43 27 20.66         17.44oV~8wDTW68
04769         C2025 06 30.17429017 26 04.858-42 29 38.15         17.69oV~8wDTW68
04769         C2025 06 30.17705817 26 04.253-42 29 36.28         17.71oV~8wDTW68
04769         C2025 06 30.18209917 26 03.132-42 29 32.75         17.62oV~8wDTW68
04769         C2025 07 13.16898416 47 42.060-39 11 31.24         18.15oV~90RCW68
04769         C2025 07 13.17179316 47 41.688-39 11 27.96         18.21oV~90RCW68
04769         C2025 07 13.17733216 47 40.829-39 11 22.31         18.03oV~90RCW68
04769         C2025 07 13.20257116 47 37.234-39 10 55.09         17.83oV~90RCW68
04769         C2025 07 18.11953116 37 39.451-37 45 03.96         18.45cV~91lTW68
04769         C2025 07 18.12242316 37 39.098-37 45 01.19         18.49cV~91lTW68
04769         C2025 07 18.12752816 37 38.530-37 44 55.36         18.30cV~91lTW68
04769         C2025 07 18.14010316 37 37.133-37 44 42.65         18.47cV~91lTW68
04769         C2025 07 25.09561816 27 45.192-35 45 52.70         19.03cV~91lTW68
04769         C2025 07 25.09894716 27 44.940-35 45 49.57         18.93cV~91lTW68
04769         C2025 07 25.10416416 27 44.556-35 45 44.28         18.80cV~91lTW68
04769         C2025 07 25.11410816 27 43.850-35 45 33.98         18.79cV~91lTW68
04769         C2025 07 26.82447316 26 01.138-35 17 39.12         18.39oV~91lTM22
04769         C2025 07 26.82811816 26 00.871-35 17 35.88         18.42oV~91lTM22
04769         C2025 07 26.83354716 26 00.554-35 17 31.13         18.48oV~91lTM22
04769         C2025 07 26.84562116 25 59.822-35 17 18.96         18.93oV~91lTM22
04769         C2025 07 27.81893416 25 08.510-35 01 45.05         18.73oV~91lTM22
04769         C2025 07 27.82172416 25 08.371-35 01 42.28         19.13oV~91lTM22
04769         C2025 07 27.82808516 25 08.064-35 01 35.94         18.45oV~91lTM22
04769         C2025 07 27.84056416 25 07.351-35 01 24.06         18.56oV~91lTM22
04769         C2025 07 29.03562316 24 11.297-34 42 37.51         18.60cV~91lTW68
04769         C2025 07 29.05318716 24 10.502-34 42 20.88         18.74cV~91lTW68
04769         C2025 07 29.05637016 24 10.332-34 42 18.18         18.73cV~91lTW68
04769         C2025 07 29.06236816 24 10.020-34 42 12.06         18.86cV~91lTW68
04769         R1989 08 19.265972               +    22340100   2380 251 JPLRS251
04769         r1989 08 19.265972C                        2000       251 JPLRS251
04769         R1989 08 19.294444   5951232300                  2380 251 JPLRS251
04769         r1989 08 19.294444C        10000                      251 JPLRS251
04769         R1989 08 19.301389   5945641600                  2380 251 JPLRS251
04769         r1989 08 19.301389C        10000                      251 JPLRS251
04769         R1989 08 19.307639   5940617300                  2380 251 JPLRS251
04769         r1989 08 19.307639C        10000                      251 JPLRS251
04769         R1989 08 20.237500               +    21502900   2380 251 JPLRS251
04769         r1989 08 20.237500C                        2000       251 JPLRS251
04769         R1989 08 20.302778               +    21145000   2380 251 JPLRS251
04769         r1989 08 20.302778C                        1000       251 JPLRS251
04769         R1989 08 21.259722   4437492400                  2380 251 JPLRS251
04769         r1989 08 21.259722C         3000                      251 JPLRS251
04769         R1989 08 21.262500   4435489200                  2380 251 JPLRS251
04769         r1989 08 21.262500C         3000                      251 JPLRS251
04769         R1989 08 21.290972               +    19683300   2380 251 JPLRS251
04769         r1989 08 21.290972C                        2000       251 JPLRS251
04769         R1989 08 21.308333               +    19578500   2380 251 JPLRS251
04769         r1989 08 21.308333C                        1000       251 JPLRS251
04769         R1989 08 22.281250   3745306690  +    17311650   2380 251 JPLRS251
04769         r1989 08 22.281250C         0300           010        251 JPLRS251
04769         R1989 08 22.295833   3736168600                  2380 251 JPLRS251
04769         r1989 08 22.295833C         2000                      251 JPLRS251
04769         R1989 08 30.815972               -    78529700   8495 253 JPLRS253
04769         r1989 08 30.815972C                        8000       253 JPLRS253
