05011        ` 1960 09 24.32430 00 09 41.34 -02 55 34.8          17.1  o~06Pe675
05011PLS6743*4X1960 09 24.32431 00 09 41.24 -02 55 34.1          17.9  K16817675
05011        ` 1960 09 24.35000 00 09 37.89 -02 55 42.4          17.2  o~06Pe675
05011        ` 1960 09 26.26528 00 05 26.05 -03 05 35.8          17.1  o~06Pe675
05011        ` 1960 09 26.28541 00 05 23.23 -03 05 42.3          17.1  o~06Pe675
05011PLS6743 6A1960 09 27.30972 00 03 03.47 -03 10 57.8                 16817675
05011PLS6743 6A1960 09 27.34237 00 02 58.95 -03 11 08.1                 16817675
05011        ` 1960 09 28.31736 00 00 43.54 -03 16 09.1          17.1  o~06Pe675
05011        ` 1960 09 28.33750 00 00 40.60 -03 16 15.1          17.1  o~06Pe675
05011J83T02F* A1983 10 05.00235 00 04 43.40 -00 55 34.1 MPC 1006318     19056010
05011J83T02F  A1983 10 05.02318 00 04 40.23 -00 55 37.6 MPC 10063       19056010
05011J83T02F  A1983 10 07.95500 23 56 58.37 -01 05 49.3 MPC 10081       19056010
05011J83T02F  A1983 10 07.96889 23 56 56.31 -01 05 49.8 MPC 10081       19056010
05011J83T02F  A1983 10 07.97583 23 56 54.97 -01 05 50.9 MPC 10081       19056010
05011J83T02F  A1983 10 07.98278 23 56 54.12 -01 05 51.4 MPC 10081       19056010
05011J83T02F  A1983 10 08.96008 23 54 15.63 -01 09 03.8 MPC 10081       19056010
05011J83T02F  A1983 10 08.97751 23 54 13.16 -01 09 06.0 MPC 10081       19056010
05011J83T02F  A1983 10 09.01902 23 54 05.71 -01 09 12.3 MPC 10081       19056010
05011PLS6743  A1985 09 08.55873 23 07 05.76 -13 36 50.2          18   V 19162413
05011PLS6743  A1985 09 08.61081 23 06 59.79 -13 37 14.2                 19162413
05011PLS6743  A1991 08 17.68380 20 51 26.55 -28 41 59.5          20   V 19162413
05011PLS6743  A1991 09 15.18067 20 16 47.29 -28 35 17.7                i19199691
05011PLS6743  A1991 09 15.19089 20 16 46.84 -28 35 16.2                i19199691
05011PLS6743  A1991 09 15.20326 20 16 46.28 -28 35 13.3          20.9 Vi19199691
05011PLS6743  A1991 09 15.21523 20 16 45.81 -28 35 11.6                i19199691
05011        1C1995 06 19.66154 20 47 44.33 -29 39 54.9                 25479413
05011        1C1995 06 19.66847 20 47 43.96 -29 39 57.6                 25479413
05011         C1995 06 28.52782 20 38 23.55 -30 39 19.4                c25377608
05011         C1995 06 28.56466 20 38 20.70 -30 39 34.5                c25377608
05011         C1995 06 29.54338 20 37 08.21 -30 46 05.5                c25377608
05011         C1995 06 29.56957 20 37 06.14 -30 46 16.0                c25377608
05011        1C1995 07 06.68388 20 27 21.29 -31 32 10.7                 25479413
05011        1C1995 07 20.55484 20 05 00.16 -32 43 13.0                 25479413
05011        1C1995 07 20.55902 20 04 59.69 -32 43 14.0                 25479413
05011        1C1995 07 29.45750 19 49 59.53 -33 08 16.5                 25792568
05011        2C1997 06 29.50713 19 52 20.46 -33 36 05.4                a30146568
05011        2C1997 06 29.53029 19 52 18.16 -33 36 13.0                a30146568
05011         C2001 07 24.33917 17 27 20.09 -35 05 02.7          17.2 R d2584474
05011         C2001 07 24.34105 17 27 19.96 -35 05 02.2          17.7 R d2584474
05011         C2001 07 24.34764 17 27 19.62 -35 05 00.0          19.0 R d2584474
05011        1C2003 07 20.59093 16 34 29.93 -33 42 29.4                ei2299413
05011        1C2003 07 20.59440 16 34 29.81 -33 42 28.5                ei2299413
05011         C2004 08 10.32887 02 17 44.02 +11 04 58.3          19.3  cl1329704
05011         C2004 08 10.34867 02 17 46.27 +11 05 14.9          19.7  cl1329704
05011         C2004 08 10.35881 02 17 47.46 +11 05 21.6          20.1  cl1329704
05011         C2004 08 10.36866 02 17 48.61 +11 05 29.5          19.8  cl1329704
05011         C2004 08 27.40439 02 53 15.32 +15 15 03.2          17.9 Rdl2300703
05011         C2004 08 27.41573 02 53 16.79 +15 15 14.7          17.8 Rdl2300703
05011         C2004 08 27.42707 02 53 18.32 +15 15 25.8          17.7 Rdl2300703
05011         C2004 08 27.43841 02 53 19.80 +15 15 37.0          17.4 Rdl2300703
05011         C2004 08 28.42805 02 55 35.26 +15 31 44.6          18.2 Rol2300699
05011         C2004 08 28.44102 02 55 37.00 +15 31 58.2                ol2300699
05011         C2004 08 28.45400 02 55 38.77 +15 32 11.5                ol2300699
05011         C2004 08 28.46697 02 55 40.48 +15 32 23.2                ol2300699
05011        1C2004 09 07.97181203 21 46.94 +18 39 54.9                ol9975084
05011        1C2004 09 09.03103703 24 40.83 +19 00 47.4                ol9975084
05011         C2004 09 09.34599 03 25 33.68 +19 07 08.4          17.6  cl2938704
05011         C2004 09 09.35730 03 25 35.53 +19 07 22.1          18.1  cl2938704
05011         C2004 09 09.36862 03 25 37.38 +19 07 35.9          18.1  cl2938704
05011         C2004 09 09.37993 03 25 39.22 +19 07 49.5          18.0  cl2938704
05011         C2004 09 09.39139 03 25 41.09 +19 08 03.5          18.1  cl2938704
05011        1C2004 09 11.96981803 33 03.67 +20 00 51.2                ol9975084
05011        1C2004 09 14.99233703 42 15.29 +21 06 18.6                ol9975084
05011         C2004 09 17.38827 03 50 02.14 +22 01 11.4          17.2  cl3394704
05011         C2004 09 17.40011 03 50 04.49 +22 01 28.8          17.7  cl3394704
05011         C2004 09 17.41198 03 50 06.81 +22 01 45.1          17.7  cl3394704
05011         C2004 09 17.42381 03 50 09.12 +22 02 01.9          17.5  cl3394704
05011         C2004 09 17.43566 03 50 11.42 +22 02 18.6          17.5  cl3394704
05011         C2004 09 19.03476 03 55 40.31 +22 40 22.5          17.3  rl4726130
05011         C2004 09 19.03653 03 55 40.67 +22 40 25.0          17.5  rl4726130
05011         C2004 09 19.03907 03 55 41.20 +22 40 28.9          17.5  rl4726130
05011         C2004 09 19.04110 03 55 41.60 +22 40 31.8          17.4  rl4726130
05011        1C2004 09 20.01052803 59 07.84 +23 04 13.8                ol9975084
05011         C2004 09 23.36240 04 11 49.24 +24 30 09.3          18.6  cl4726704
05011         C2004 09 23.37431 04 11 52.04 +24 30 28.6          18.7  cl4726704
05011         C2004 09 23.38621 04 11 54.82 +24 30 47.6          18.6  cl4726704
05011         C2004 09 23.39808 04 11 57.55 +24 31 06.8          18.4  cl4726704
05011         C2004 10 01.99944 04 51 59.10 +28 38 13.3          16.6 Rcl5920J87
05011         C2004 10 02.00263 04 52 00.13 +28 38 19.1          16.5 Rcl5920J87
05011         C2004 10 02.00542 04 52 01.03 +28 38 24.6          16.5 Rcl5920J87
05011         C2004 10 08.41393 05 31 55.88 +32 00 12.9          16.8  cl6866704
05011         C2004 10 08.42908 05 32 02.18 +32 00 41.7          17.0  cl6866704
05011         C2004 10 08.44066 05 32 07.02 +32 01 03.8          17.6  cl6866704
05011         C2004 10 08.45194 05 32 11.72 +32 01 25.5          17.5  cl6866704
05011         C2004 10 08.46392 05 32 16.71 +32 01 48.1          17.5  cl6866704
05011         C2004 10 10.37543 05 46 29.53 +33 01 20.3          16.5  cl6866704
05011         C2004 10 10.38642 05 46 34.46 +33 01 40.9          17.4  cl6866704
05011         C2004 10 10.39744 05 46 39.60 +33 02 01.7          16.6  cl6866704
05011         C2004 10 10.40845 05 46 44.55 +33 02 22.2          17.4  cl6866704
05011         C2004 10 10.41946 05 46 49.64 +33 02 43.0          16.7  cl6866704
05011         C2004 10 12.04142 05 59 50.37 +33 51 21.1          16.1 Rcl7980A32
05011         C2004 10 12.04819 05 59 53.70 +33 51 33.5          16.1 Rcl7980A32
05011        1C2004 10 12.13900106 00 37.87 +33 54 12.9                ol9975084
05011         C2004 10 15.36652 06 29 24.31 +35 22 21.4          16.2  cl6866704
05011         C2004 10 15.37760 06 29 30.57 +35 22 38.9          16.0  cl6866704
05011         C2004 10 15.38868 06 29 36.79 +35 22 56.1          16.2  cl6866704
05011         C2004 10 15.39978 06 29 43.01 +35 23 12.9          15.9  cl6866704
05011         C2004 10 15.41085 06 29 49.22 +35 23 30.0          16.1  cl6866704
05011        1C2004 10 16.08578906 36 18.30 +35 39 29.6                ol9975084
05011         C2004 10 17.78685 06 53 24.39 +36 15 57.8          15.8 Vrl7980379
05011         C2004 10 17.78984 06 53 26.27 +36 16 00.9          15.8 Vrl7980379
05011         C2004 10 17.79282 06 53 28.04 +36 16 04.5          15.6 Vrl7980379
05011         C2004 10 23.51808 07 57 39.77 +37 11 23.8                cl8821670
05011         C2004 10 23.52007 07 57 41.16 +37 11 23.6                cl8821670
05011         C2004 10 24.43222 08 08 36.71 +37 08 08.6          17.5  cl8821704
05011         C2004 10 24.44413 08 08 45.20 +37 08 05.4          17.8  cl8821704
05011         C2004 10 24.45602 08 08 53.65 +37 08 02.2          18.0  cl8821704
05011         C2004 10 24.46794 08 09 02.10 +37 07 58.7          18.0  cl8821704
05011        1C2004 11 02.09684 09 51 21.35 +33 30 41.1                om1971084
05011        1C2004 11 03.08162 10 02 07.17 +32 47 08.7                om1971084
05011         C2004 11 04.43210 10 16 23.04 +31 43 09.6          17.3  cl8821704
05011         C2004 11 04.44404 10 16 30.40 +31 42 35.5          17.4  cl8821704
05011         C2004 11 04.45596 10 16 37.66 +31 42 00.8          17.5  cl8821704
05011         C2004 11 04.46788 10 16 44.97 +31 41 26.6          17.7  cl8821704
05011         C2004 11 04.47980 10 16 52.26 +31 40 52.3          18.0  cl8821704
05011         C2004 12 22.53090 14 22 12.45 -04 41 23.6          18.0 Rdm2946703
05011         C2004 12 22.53748 14 22 13.58 -04 41 35.0          18.7 Rdm2946703
05011         C2004 12 22.54409 14 22 14.83 -04 41 47.5          18.4 Rdm2946703
05011         C2004 12 22.55069 14 22 16.00 -04 41 59.8          18.2 Rdm2946703
05011         C2006 08 17.48592 00 57 42.07 +00 14 52.2          19.2 Ror6222644
05011         C2006 08 17.49593 00 57 42.14 +00 14 53.3          18.9 Ror6222644
05011         C2006 08 17.50585 00 57 42.25 +00 14 55.1          19.1 Ror6222644
05011         C2006 08 24.45912 00 57 55.30 +00 26 11.9          18.4 Ror6222644
05011         C2006 08 24.47003 00 57 55.18 +00 26 12.5          18.5 Ror6222644
05011         C2006 08 24.48240 00 57 55.05 +00 26 13.3          18.4 Ror6222644
05011        4C2006 08 28.33490 00 57 08.88 +00 29 18.7          19.1  gt2945705
05011        4C2006 08 28.33572 00 57 08.86 +00 29 18.7          18.5 Vgt2945705
05011         C2006 09 12.44817 00 46 34.35 +00 18 53.6          17.1 Vrr8736703
05011         C2006 09 12.45457 00 46 33.85 +00 18 52.9          17.1 Vrr8736703
05011         C2006 09 12.46101 00 46 33.42 +00 18 52.2          17.1 Vrr8736703
05011         C2006 09 12.46743 00 46 32.95 +00 18 51.3          17.2 Vrr8736703
05011        1C2006 09 15.97725 00 42 06.49 +00 11 12.8          17.3  rt5659084
05011        1C2006 09 15.98014 00 42 06.22 +00 11 12.6          17.3  rt5659084
05011         C2006 09 16.24005 00 41 45.03 +00 10 39.2          17.2  cr9736704
05011         C2006 09 16.25128 00 41 44.09 +00 10 37.6          18.6  cr9736704
05011         C2006 09 16.26248 00 41 43.05 +00 10 36.0          17.9  cr9736704
05011         C2006 09 16.27373 00 41 42.03 +00 10 34.2          17.4  cr9736704
05011         C2006 09 16.28495 00 41 41.02 +00 10 32.4          17.0  cr9736704
05011        1C2006 09 16.98971 00 40 40.22 +00 08 40.7          17.5  rt5659084
05011        1C2006 09 16.99260 00 40 39.97 +00 08 40.2          17.4  rt5659084
05011         C2006 09 17.88748 00 39 20.75 +00 06 20.5          16.8 Rrr9736113
05011         C2006 09 17.88918 00 39 20.60 +00 06 20.3          16.9 Rrr9736113
05011         C2006 09 17.89072 00 39 20.47 +00 06 19.9          16.9 Rrr9736113
05011         C2006 09 17.89231 00 39 20.30 +00 06 19.6          16.9 Rrr9736113
05011         C2006 09 17.89406 00 39 20.13 +00 06 19.3          16.7 Rrr9736113
05011         C2006 09 18.30222 00 38 42.51 +00 05 15.7          17.4 Ror9736699
05011         C2006 09 18.32416 00 38 40.35 +00 05 12.3                or9736699
05011         C2006 09 18.34607 00 38 38.22 +00 05 08.7                or9736699
05011         C2006 09 18.36802 00 38 36.06 +00 05 05.2                or9736699
05011         C2006 09 20.22079 00 35 37.63 -00 00 13.2                cr9736691
05011         C2006 09 20.22443 00 35 37.19 -00 00 14.2          17.0  cr9736704
05011         C2006 09 20.23585 00 35 35.97 -00 00 16.1          17.4  cr9736704
05011         C2006 09 20.23813 00 35 35.82 -00 00 16.3                cr9736691
05011         C2006 09 20.24723 00 35 34.76 -00 00 18.3          17.4  cr9736704
05011         C2006 09 20.25556 00 35 33.95 -00 00 19.5                cr9736691
05011         C2006 09 20.25862 00 35 33.57 -00 00 20.1          17.4  cr9736704
05011         C2006 09 20.27077 00 35 32.29 -00 00 21.2          17.5  cr9736704
05011         C2006 09 20.33340 00 35 25.79 -00 00 33.6          16.6 Ror9736644
05011         C2006 09 20.33463 00 35 25.64 -00 00 33.8          16.7 Ror9736644
05011         C2006 09 20.36034 00 35 22.93 -00 00 38.7          16.6 Ror9736644
05011         C2006 09 20.36161 00 35 22.78 -00 00 38.8          16.6 Ror9736644
05011         C2006 09 20.38860 00 35 19.92 -00 00 43.9          16.6 Ror9736644
05011         C2006 09 20.38986 00 35 19.75 -00 00 44.0          16.7 Ror9736644
05011        1C2006 09 21.00905 00 34 16.34 -00 02 41.7          16.7  rt5659084
05011        1C2006 09 21.01194 00 34 16.02 -00 02 42.5          16.8  rt5659084
05011        1C2006 09 21.85011 00 32 48.17 -00 05 19.4          17.0  rt5659084
05011        1C2006 09 21.85300 00 32 47.79 -00 05 20.4          16.9  rt5659084
05011         C2006 09 22.22113 00 32 08.28 -00 06 25.2          16.7  cs1503704
05011         C2006 09 22.23245 00 32 07.02 -00 06 27.1          17.0  cs1503704
05011         C2006 09 22.24373 00 32 05.76 -00 06 29.3          17.0  cs1503704
05011         C2006 09 22.25502 00 32 04.43 -00 06 31.5          17.2  cs1503704
05011         C2006 09 22.26632 00 32 03.13 -00 06 33.9          17.1  cs1503704
05011         C2006 09 22.64057 00 31 21.87 -00 07 45.1          17.6 V s3105300
05011         C2006 09 22.65417 00 31 20.25 -00 07 47.0          17.7 V s3105300
05011         C2006 09 22.65862 00 31 19.75 -00 07 49.5          18.1 V s3105300
05011        1C2006 09 22.91748 00 30 51.22 -00 08 45.9          17.0  rt5659084
05011        1C2006 09 22.92037 00 30 50.93 -00 08 46.7          16.9  rt5659084
05011         C2006 09 23.26049 00 30 12.55 -00 09 49.4          16.9 Vos1503H68
05011         C2006 09 23.26755 00 30 11.80 -00 09 50.2                os1503H68
05011         C2006 09 23.27461 00 30 10.91 -00 09 49.1          16.7 Vos1503H68
05011        1C2006 09 23.91457 00 28 58.09 -00 12 04.8          15.7  rt5659084
05011        1C2006 09 23.91746 00 28 57.70 -00 12 05.3          15.7  rt5660084
05011        1C2006 09 25.90772 00 25 00.09 -00 18 56.5          16.7  rt5660084
05011        1C2006 09 25.91061 00 24 59.70 -00 18 57.4          16.8  rt5660084
05011         C2006 09 26.28443 00 24 13.41 -00 20 10.7          16.9  cs1503704
05011         C2006 09 26.29656 00 24 11.81 -00 20 13.5          17.0  cs1503704
05011         C2006 09 26.30887 00 24 10.19 -00 20 15.6          17.1  cs1503704
05011         C2006 09 26.32104 00 24 08.61 -00 20 18.3          17.1  cs1503704
05011         C2006 09 26.33329 00 24 06.99 -00 20 21.3          17.1  cs1503704
05011        1C2006 09 26.88555 00 22 57.76 -00 22 24.6          16.3  rt5660084
05011        1C2006 09 26.88844 00 22 57.38 -00 22 25.2          16.4  rt5660084
05011         C2006 09 27.21308 00 22 16.33 -00 23 28.5          16.5 Rcs1503G92
05011         C2006 09 27.21851 00 22 15.55 -00 23 30.4          16.6  cs1503704
05011         C2006 09 27.23065 00 22 13.93 -00 23 32.8          16.9  cs1503704
05011         C2006 09 27.24281 00 22 12.29 -00 23 35.5          17.0  cs1503704
05011         C2006 09 27.24403 00 22 12.20 -00 23 35.3          16.4 Rcs1503G92
05011         C2006 09 27.25513 00 22 10.65 -00 23 38.2          17.0  cs1503704
05011         C2006 09 27.26730 00 22 09.00 -00 23 40.8          16.7  cs1503704
05011         C2006 09 27.27574 00 22 07.95 -00 23 41.8          16.3 Rcs1503G92
05011        1C2006 09 27.85374 00 20 53.13 -00 25 52.9          16.4  rt5660084
05011        1C2006 09 27.85664 00 20 52.75 -00 25 53.5          16.5  rt5660084
05011         C2006 09 27.88199 00 20 49.68 -00 25 56.6                rs1503203
05011         C2006 09 27.95074 00 20 40.35 -00 26 11.6                rs1503203
05011         C2006 09 28.20763 00 20 07.02 -00 27 03.7          16.9 Vcs1503691
05011         C2006 09 28.22498 00 20 04.47 -00 27 07.4          16.7  cs1503704
05011         C2006 09 28.23709 00 20 02.83 -00 27 10.4          16.5  cs1503704
05011         C2006 09 28.23714 00 20 02.96 -00 27 10.0          16.8 Vcs1503691
05011         C2006 09 28.25456 00 20 00.56 -00 27 13.9          16.7 Vcs1503691
05011         C2006 09 28.26148 00 19 59.45 -00 27 15.6          16.2  cs1503704
05011         C2006 09 28.27362 00 19 57.77 -00 27 18.4          16.8  cs1503704
05011         C2006 09 29.98877 00 16 05.90 -00 33 34.3                os3252493
05011         C2006 09 30.01251 00 16 02.45 -00 33 39.7                os3252493
05011         C2006 09 30.23482 00 15 32.09 -00 34 27.4          16.3  cs3105704
05011         C2006 09 30.24717 00 15 30.32 -00 34 30.1          16.5  cs3105704
05011         C2006 09 30.25954 00 15 28.50 -00 34 32.7          16.5  cs3105704
05011         C2006 09 30.27190 00 15 26.70 -00 34 35.6          16.6  cs3105704
05011         C2006 09 30.28428 00 15 24.93 -00 34 38.4          16.7  cs3105704
05011         C2006 09 30.90730 00 13 57.99 -00 36 56.3                os3252493
05011         C2006 10 01.89907 00 11 36.34 -00 40 33.7                os3252493
05011         C2006 10 01.91078 00 11 34.65 -00 40 36.2                os3252493
05011         C2006 10 01.93633 00 11 30.78 -00 40 42.0                os3252493
05011         C2006 10 02.11898 00 11 04.31 -00 41 01.4                rs2586808
05011         C2006 10 02.12593 00 11 03.41 -00 41 03.1                rs2586808
05011         C2006 10 02.13507 00 11 01.92 -00 41 05.1                rs2586808
05011         C2006 10 09.22371 23 52 45.54 -01 05 46.3          17.1 Ros2586644
05011         C2006 10 09.26916 23 52 37.80 -01 05 54.6          16.7 Ros2586644
05011         C2006 10 09.28989 23 52 34.28 -01 05 58.5          16.7 Ros2586644
05011         C2006 10 09.86649 23 51 00.64 -01 07 47.4                rs2586203
05011         C2006 10 09.93495 23 50 49.03 -01 07 59.9                rs2586203
05011        1C2006 10 11.81921 23 45 38.16 -01 13 26.7          15.7  rt5660084
05011        1C2006 10 11.82210 23 45 37.65 -01 13 27.2          15.7  rt5660084
05011        1C2006 10 12.82029 23 42 51.13 -01 16 04.6          15.8  rt5660084
05011        1C2006 10 12.82319 23 42 50.61 -01 16 05.1          15.8  rt5660084
05011         C2006 10 16.14924 23 33 31.86 -01 23 14.2          16.0 Vrs3252703
05011         C2006 10 16.15567 23 33 30.74 -01 23 14.8          15.9 Vrs3252703
05011         C2006 10 16.16210 23 33 29.59 -01 23 15.5          16.0 Vrs3252703
05011         C2006 10 16.16855 23 33 28.47 -01 23 16.7          15.9 Vrs3252703
05011         C2006 10 17.82162 23 28 50.20 -01 25 58.3          15.4 Rrs3252106
05011         C2006 10 17.83063 23 28 48.64 -01 25 58.8          15.6 Rrs3252106
05011         C2006 10 17.83963 23 28 47.07 -01 25 59.4          15.5 Rrs3252106
05011         C2006 10 17.84864 23 28 45.48 -01 26 00.2          15.6 Rrs3252106
05011         C2006 10 22.21052 23 16 41.88 -01 29 07.7          16.8 Vrs4468703
05011         C2006 10 22.21641 23 16 40.87 -01 29 07.6          16.7 Vrs4468703
05011         C2006 10 22.22227 23 16 39.86 -01 29 07.8          16.8 Vrs4468703
05011         C2006 10 22.22815 23 16 38.85 -01 29 07.6          16.6 Vrs4468703
05011         C2006 10 23.13375 23 14 12.73 -01 29 02.2          16.3  cs4468704
05011         C2006 10 23.14579 23 14 10.71 -01 29 02.1          16.4  cs4468704
05011         C2006 10 23.15733 23 14 08.72 -01 29 01.8          16.3  cs4468704
05011         C2006 10 23.16903 23 14 06.74 -01 29 01.4          16.3  cs4468704
05011         C2006 10 23.18103 23 14 04.73 -01 29 01.2          16.3  cs4468704
05011         C2006 10 24.26050 23 11 11.09 -01 28 32.5          16.2 Rrs4468H45
05011         C2006 10 24.26225 23 11 10.80 -01 28 32.4          16.0 Rrs4468H45
05011         C2006 10 24.26450 23 11 10.43 -01 28 32.2          16.0 Rrs4468H45
05011         C2006 10 24.26513 23 11 10.33 -01 28 32.2          16.1 Rrs4468H45
05011         C2006 10 24.26729 23 11 09.98 -01 28 32.2          16.1 Rrs4468H45
05011         C2006 10 25.08524 23 09 01.65 -01 27 51.8          16.9 Vos5894H68
05011         C2006 10 25.09671 23 08 59.81 -01 27 51.1          16.9 Vos5894H68
05011         C2006 10 25.10203 23 08 58.93 -01 27 50.7          16.9 Vos5894H68
05011         C2006 10 25.11269 23 08 57.07 -01 27 47.5          16.9 Vos5894H68
05011         C2006 10 29.13696 22 58 46.60 -01 21 04.2          16.9  cs5894704
05011         C2006 10 29.14882 22 58 44.79 -01 21 01.8          17.2  cs5894704
05011         C2006 10 29.16050 22 58 42.97 -01 21 00.2          17.2  cs5894704
05011         C2006 10 29.17288 22 58 41.06 -01 20 58.7          17.2  cs5894704
05011         C2006 10 29.18542 22 58 39.12 -01 20 56.7          17.2  cs5894704
05011        1C2006 10 29.86637 22 57 00.27 -01 19 18.3          15.8  rt5660084
05011        1C2006 10 29.86927 22 56 59.83 -01 19 17.8          15.5  rt5660084
05011        1C2006 11 04.74882 22 43 50.76 -00 56 39.3          16.0  rt5660084
05011        1C2006 11 04.75172 22 43 50.32 -00 56 37.9          16.0  rt5660084
05011         C2006 11 05.99589 22 41 18.59 -00 50 03.6          15.8 Vrs6599H98
05011         C2006 11 06.00013 22 41 18.05 -00 50 02.5          15.8 Vrs6599H98
05011         C2006 11 06.00484 22 41 17.45 -00 50 00.9          15.8 Vrs6599H98
05011         C2006 11 06.01514 22 41 16.13 -00 49 57.6          15.7 Vrs6599H98
05011         C2006 11 08.76572 22 35 59.45 -00 33 32.8          17.7 Rrs6599113
05011         C2006 11 08.76686 22 35 59.31 -00 33 32.6          17.3 Rrs6599113
05011         C2006 11 08.76799 22 35 59.19 -00 33 31.9          17.1 Rrs6599113
05011         C2006 11 08.76901 22 35 59.07 -00 33 31.5          17.6 Rrs6599113
05011         C2006 11 08.77001 22 35 58.95 -00 33 31.1          17.3 Rrs6599113
05011         C2006 11 10.12684 22 33 32.20 -00 24 15.9          16.9  cs6599704
05011         C2006 11 10.13887 22 33 30.84 -00 24 11.1          17.3  cs6599704
05011         C2006 11 10.15080 22 33 29.48 -00 24 05.8          17.2  cs6599704
05011         C2006 11 10.16272 22 33 28.14 -00 24 01.0          17.3  cs6599704
05011         C2006 11 10.17465 22 33 26.71 -00 23 54.4          18.7  cs6599704
05011         C2006 11 19.09947 22 19 56.28 +00 53 16.9          16.8 Vrs9138703
05011         C2006 11 19.10593 22 19 55.74 +00 53 21.5          16.8 Vrs9138703
05011         C2006 11 19.11242 22 19 55.20 +00 53 25.4          16.7 Vrs9138703
05011         C2006 11 19.11890 22 19 54.58 +00 53 29.2          16.9 Vrs9138703
05011         C2006 11 21.06764 22 17 29.33 +01 14 06.5          16.1  cs9138704
05011         C2006 11 21.08011 22 17 28.32 +01 14 15.0          16.2  cs9138704
05011         C2006 11 21.09175 22 17 27.38 +01 14 25.2                cs9138711
05011         C2006 11 21.09268 22 17 27.33 +01 14 22.9          16.0  cs9138704
05011         C2006 11 21.09974 22 17 26.69 +01 14 30.5          15.8 Rcs9138711
05011         C2006 11 21.10547 22 17 26.29 +01 14 31.4          16.1  cs9138704
05011         C2006 11 21.10771 22 17 26.07 +01 14 35.7                cs9138711
05011         C2006 11 21.11810 22 17 25.27 +01 14 39.6          16.3  cs9138704
05011         C2006 11 22.74618 22 15 31.74 +01 32 57.6                ot2945493
05011         C2006 11 22.76350 22 15 30.38 +01 33 09.9                ot2945493
05011         C2006 11 22.78096 22 15 29.09 +01 33 21.4                ot2945493
05011         C2006 11 22.82226 22 15 25.98 +01 33 50.0                ot2945493
05011         C2006 11 23.75141 22 14 24.13 +01 44 42.1                ot2945493
05011         C2006 11 23.77631 22 14 22.26 +01 44 59.9                ot2945493
05011         C2006 11 23.79987 22 14 20.46 +01 45 15.8                ot2945493
05011         C2006 12 01.75133 22 06 22.52 +03 29 35.7          16.8 Rrt0984113
05011         C2006 12 01.75323 22 06 22.41 +03 29 37.1          16.9 Rrt0984113
05011         C2006 12 01.75487 22 06 22.31 +03 29 38.9          16.7 Rrt0984113
05011         C2006 12 01.75652 22 06 22.22 +03 29 39.8          16.8 Rrt0984113
05011         C2006 12 01.75815 22 06 22.10 +03 29 41.6          16.7 Rrt0984113
05011        1C2006 12 07.70899422 00 42.79 +04 59 19.7          17.6  rv1900084
05011        1C2006 12 07.71189022 00 42.60 +04 59 22.0          17.7  rv1900084
05011         C2006 12 11.11806 21 57 11.16 +05 54 18.2          16.7 Vrt2945703
05011         C2006 12 11.12353 21 57 10.76 +05 54 23.7          16.7 Vrt2945703
05011         C2006 12 11.12898 21 57 10.36 +05 54 28.7          16.7 Vrt2945703
05011         C2006 12 11.13446 21 57 09.93 +05 54 33.9          16.6 Vrt2945703
05011         C2006 12 13.06013 21 55 00.05 +06 26 22.8          17.1  ct2945704
05011         C2006 12 13.07278 21 54 59.05 +06 26 35.4          17.3  ct2945704
05011         C2006 12 13.08541 21 54 58.08 +06 26 47.7          17.2  ct2945704
05011         C2006 12 13.09786 21 54 57.06 +06 27 00.2          17.5  ct2945704
05011         C2006 12 13.11026 21 54 56.13 +06 27 12.9          17.5  ct2945704
05011         C2006 12 14.05868 21 53 48.21 +06 43 04.6          18.0  ct2945704
05011         C2006 12 14.07200 21 53 47.10 +06 43 16.4          18.2  ct2945704
05011         C2006 12 14.08513 21 53 46.06 +06 43 29.8          18.2  ct2945704
05011         C2006 12 14.09843 21 53 44.98 +06 43 43.2          17.8  ct2945704
05011         C2006 12 14.11156 21 53 43.95 +06 43 57.7          18.3  ct2945704
05011         C2006 12 14.84429 21 52 48.75 +06 56 09.2                ot2945491
05011         C2006 12 14.84549 21 52 48.88 +06 56 10.9                ot2945491
05011         C2006 12 14.84819 21 52 48.68 +06 56 12.9                ot2945491
05011        1C2006 12 17.71247321 48 54.03 +07 44 30.1                rv1900084
05011        1C2006 12 22.69823921 40 23.42 +09 07 55.2                rv1900084
05011        1C2006 12 22.70113321 40 23.01 +09 07 58.2                rv1900084
05011        1C2006 12 24.72495821 36 07.53 +09 40 30.7          17.2  rv1900084
05011        1C2006 12 25.65054121 33 59.90 +09 54 56.6          17.1  rv1900084
05011        1C2006 12 25.65343721 33 59.46 +09 54 59.5          17.3  rv1900084
05011         C2007 03 14.43438 17 02 47.38 -22 38 41.6          17.3  cu3388704
05011         C2007 03 14.44512 17 02 46.53 -22 38 56.1          17.5  cu3388704
05011         C2007 03 14.45586 17 02 45.63 -22 39 10.8          17.6  cu3388704
05011         C2007 03 14.46667 17 02 44.58 -22 39 26.2          17.6  cu3388704
05011         C2007 03 14.47744 17 02 43.66 -22 39 41.1          17.5  cu3388704
05011         C2007 03 31.64108 16 31 41.30 -28 10 35.9          15.5 Vru5977E12
05011         C2007 03 31.64876 16 31 40.18 -28 10 42.9          15.6 Vru5977E12
05011         C2007 03 31.66428 16 31 37.84 -28 10 58.4          15.4 Vru5977E12
05011         C2007 04 22.58506 15 27 13.32 -31 08 13.4          16.3 Vru8333E12
05011         C2007 04 22.59427 15 27 11.48 -31 08 13.5          16.3 Vru8333E12
05011         C2007 05 11.61421 14 36 22.42 -29 28 25.5          16.5 Vru9270E12
05011         C2007 05 11.62617 14 36 20.88 -29 28 18.9          16.5 Vru9270E12
05011         C2007 05 11.63822 14 36 19.36 -29 28 12.5          16.4 Vru9270E12
05011         C2007 05 11.65031 14 36 17.82 -29 28 05.9          16.4 Vru9270E12
05011         C2007 05 16.53939 14 27 26.06 -28 45 41.1          16.9 Vru9270E12
05011         C2007 05 16.54736 14 27 25.23 -28 45 36.9          16.8 Vru9270E12
05011         C2007 05 16.55522 14 27 24.40 -28 45 32.5          16.8 Vru9270E12
05011         C2007 05 16.56304 14 27 23.61 -28 45 28.5          16.9 Vru9270E12
05011         C2007 06 15.56683 14 09 26.67 -25 24 28.1          18.9 Vrv1144E12
05011         C2007 07 20.43493 14 35 08.88 -24 56 58.6          19.4 Vrv2314E12
05011         C2007 07 20.44289 14 35 09.34 -24 56 58.9          19.5 Vrv2314E12
05011         C2007 07 20.45084 14 35 09.96 -24 57 00.0          19.4 Vrv2314E12
05011         C2008 08 17.29230 23 39 11.89 -10 51 56.9          19.0 Voz4676H55
05011         C2008 08 17.29616 23 39 11.62 -10 51 58.5          19.1 Voz4676H55
05011         C2008 08 17.30083 23 39 11.33 -10 52 00.5          19.2 Voz4676H55
05011         C2008 09 03.06738 23 15 46.20 -12 58 02.7          17.8 Vrz5305J75
05011         C2008 09 03.08071 23 15 44.77 -12 58 09.3          17.6 Vrz5305J75
05011         C2008 09 03.09400 23 15 43.36 -12 58 15.5          17.7 Vrz5305J75
05011         C2008 09 06.33982 23 09 54.00 -13 24 00.2          17.9 Vrz6048703
05011         C2008 09 06.34818 23 09 53.02 -13 24 04.0          17.9 Vrz6048703
05011         C2008 09 06.35648 23 09 52.05 -13 24 08.1          18.0 Vrz6048703
05011         C2008 09 06.36485 23 09 51.08 -13 24 12.0          18.0 Vrz6048703
05011         C2008 09 19.22917 22 44 46.16 -14 53 05.3          17.5  cz6895704
05011         C2008 09 19.24117 22 44 44.69 -14 53 09.3          17.8  cz6895704
05011         C2008 09 19.25319 22 44 43.22 -14 53 13.3          17.8  cz6895704
05011         C2008 09 19.26517 22 44 41.78 -14 53 16.9          17.9  cz6895704
05011         C2008 09 19.27713 22 44 40.26 -14 53 21.5          17.7  cz6895704
05011         C2008 09 23.17334 22 37 01.87 -15 12 58.5          17.4  cz6895704
05011         C2008 09 23.18567 22 37 00.40 -15 13 02.1          18.3  cz6895704
05011         C2008 09 23.19790 22 36 58.95 -15 13 05.1          17.8  cz6895704
05011         C2008 09 23.21013 22 36 57.48 -15 13 08.5          17.7  cz6895704
05011         C2008 09 23.22241 22 36 56.00 -15 13 11.9          17.9  cz6895704
05011         C2008 09 29.23948 22 25 44.11 -15 34 19.0          18.2 Vrz8285703
05011         C2008 09 29.25109 22 25 42.85 -15 34 20.4          18.1 Vrz8285703
05011         C2008 09 29.26276 22 25 41.55 -15 34 22.3          18.1 Vrz8285703
05011         C2008 09 29.27434 22 25 40.29 -15 34 24.1          18.2 Vrz8285703
05011         C2008 10 20.48185 21 58 36.08 -15 13 10.3          18.1 Vr~00CmE12
05011         C2008 10 20.49329 21 58 35.58 -15 13 08.0          18.1 Vr~00CmE12
05011         C2008 10 20.50475 21 58 35.04 -15 13 04.2          18.2 Vr~00CmE12
05011         C2008 10 30.09391 21 54 23.40 -14 20 35.3          18.0 Vr~00VM703
05011         C2008 10 30.10248 21 54 23.29 -14 20 32.3          17.9 Vr~00VM703
05011         C2008 10 30.11097 21 54 23.14 -14 20 28.5          18.0 Vr~00VM703
05011         C2008 10 30.11955 21 54 22.93 -14 20 25.0          18.1 Vr~00VM703
05011         C2008 10 31.07920 21 54 14.75 -14 13 54.0          18.6  c~00wb704
05011         C2008 10 31.10349 21 54 14.48 -14 13 43.8          19.2  c~00wb704
05011         C2008 10 31.11559 21 54 14.37 -14 13 37.9          19.6  c~00wb704
05011         C2008 10 31.12762 21 54 14.19 -14 13 32.8          18.9  c~00wb704
05011         C2008 11 19.05704 22 00 46.58 -11 23 47.7          18.3 Vr~01Qm703
05011         C2008 11 19.06396 22 00 46.80 -11 23 43.2          18.2 Vr~01Qm703
05011         C2008 11 19.07071 22 00 47.05 -11 23 38.7          18.3 Vr~01Qm703
05011         C2008 11 19.07223 22 00 47.13 -11 23 38.2          18.8  c~01Qm704
05011         C2008 11 19.07758 22 00 47.34 -11 23 34.1          18.0 Vr~01Qm703
05011         C2008 11 19.08509 22 00 47.65 -11 23 29.5          18.8  c~01Qm704
05011         C2008 11 19.09806 22 00 48.24 -11 23 20.7          18.8  c~01Qm704
05011         C2008 11 19.11089 22 00 48.73 -11 23 13.0          18.5  c~01Qm704
05011         C2008 11 19.12390 22 00 49.33 -11 23 04.3          18.8  c~01Qm704
05011         C2008 11 21.09647 22 02 24.97 -11 01 11.1          18.8 Vr~01QmG96
05011         C2008 11 21.10209 22 02 25.22 -11 01 07.3          18.8 Vr~01QmG96
05011         C2008 11 21.10767 22 02 25.47 -11 01 03.5          18.8 Vr~01QmG96
05011         C2008 11 21.11331 22 02 25.76 -11 00 59.6          18.7 Vr~01QmG96
05011         C2008 11 24.06482 22 05 05.76 -10 26 47.1          18.2  c~01jo704
05011         C2008 11 24.07746 22 05 06.49 -10 26 37.6          18.2  c~01jo704
05011         C2008 11 24.09007 22 05 07.16 -10 26 28.4          18.7  c~01jo704
05011         C2008 11 24.10283 22 05 07.85 -10 26 19.2          18.3  c~01jo704
05011         C2008 11 24.11550 22 05 08.59 -10 26 10.3          18.7  c~01jo704
05011         C2008 12 02.06341 22 13 55.12 -08 45 18.2          18.8  c~022E704
05011         C2008 12 02.07611 22 13 55.94 -08 45 07.4          19.0  c~022E704
05011         C2008 12 02.08877 22 13 56.87 -08 44 57.0          18.7  c~022E704
05011         C2008 12 02.10136 22 13 57.74 -08 44 47.5          18.8  c~022E704
05011         C2008 12 02.11397 22 13 58.66 -08 44 36.3          18.6  c~022E704
05011         C2008 12 31.06764 23 02 10.22 -00 46 59.6          18.8  c~02lN704
05011         C2008 12 31.08034 23 02 11.74 -00 46 45.1          19.3  c~02lN704
05011         C2008 12 31.09301 23 02 13.23 -00 46 30.0          19.3  c~02lN704
05011         C2008 12 31.10568 23 02 14.78 -00 46 14.5          19.2  c~02lN704
05011         C2008 12 31.11852 23 02 16.36 -00 46 00.0          19.2  c~02lN704
05011         C2009 01 22.71532 23 54 56.90 +07 30 15.8          18.3  o~0GbHC20
05011         C2009 01 28.71220 00 11 09.48 +09 58 12.8          18.2  o~0GbHC20
05011         C2009 02 13.09161 00 58 00.94 +16 38 01.6          18.2 Vr~04GC703
05011         C2009 02 13.09641 00 58 01.95 +16 38 09.4          18.2 Vr~04NN703
05011         C2009 02 13.09701 00 58 02.02 +16 38 10.4          18.3 Vr~04GC703
05011         C2009 02 13.10183 00 58 03.07 +16 38 18.5          18.4 Vr~04NN703
05011         C2009 02 13.10238 00 58 03.14 +16 38 18.4          18.5 Vr~04GC703
05011         C2009 02 13.10727 00 58 04.15 +16 38 26.2          18.3 Vr~04NO703
05011         C2009 02 13.10787 00 58 04.26 +16 38 27.0          18.0 Vr~04GC703
05011         C2009 03 21.79558 04 07 18.77 +30 53 46.6          16.9 Rc~05b9A24
05011         C2009 03 21.79660 04 07 19.34 +30 53 47.6          17.0 Rc~05b9A24
05011         C2009 03 21.81199 04 07 27.04 +30 53 56.0          17.1 Rc~05b9A24
05011         C2009 03 21.82840 04 07 35.27 +30 54 05.1          17.3 Rc~05b9A24
05011         C2009 03 21.84380 04 07 43.06 +30 54 13.7          16.8 Rc~05b9A24
05011         C2009 03 29.82793 05 23 05.16 +30 56 26.8          17.1 Vr~05wFB12
05011         C2009 03 29.84990 05 23 18.75 +30 56 10.7          16.4 Vr~05wFB12
05011         C2009 03 29.85558 05 23 22.24 +30 56 06.5          16.3 Vr~05wFB12
05011         C2009 04 02.89633 06 06 08.31 +29 40 26.0          16.6 Vr~05wFB12
05011         C2009 04 02.89994 06 06 10.63 +29 40 20.2          16.6 Vr~05wFB12
05011         C2009 04 03.81859 06 16 05.19 +29 14 58.1          16.4 Vr~068wB12
05011         C2009 04 03.82256 06 16 07.74 +29 14 51.0          16.2 Vr~068wB12
05011        1C2009 04 08.81232 07 09 21.57 +26 06 26.1          16.8  r~0GGe084
05011         C2009 04 14.69827 08 07 07.09 +21 03 50.5          16.2 Vr~0CCO168
05011         C2009 04 14.69931 08 07 07.66 +21 03 47.0          16.3 Vr~0CCO168
05011         C2009 04 14.70058 08 07 08.33 +21 03 42.7          16.5 Vr~0CCO168
05011         C2009 04 14.70163 08 07 08.89 +21 03 39.2          16.4 Vr~0CCO168
05011         C2009 04 14.70267 08 07 09.46 +21 03 35.8          16.3 Vr~0CCO168
05011         C2009 04 14.70371 08 07 10.03 +21 03 32.3          16.4 Vr~0CCO168
05011         C2009 04 14.70475 08 07 10.59 +21 03 28.7          16.4 Vr~0CCO168
05011         C2009 04 14.74231 08 07 30.92 +21 01 22.4          16.2 Vr~0CCO168
05011         C2009 04 14.74439 08 07 32.01 +21 01 15.0          15.9 Vr~0CCO168
05011         C2009 04 14.78149 08 07 52.07 +20 59 10.5          16.3 Vr~0CCO168
05011         C2009 04 14.78750 08 07 55.38 +20 58 50.0          15.7 Vr~0CCO168
05011         C2009 04 14.87137 08 08 41.01 +20 54 16.7          15.5 Cv~0HLmB75
05011         C2009 04 14.87330 08 08 42.13 +20 54 09.8          15.4 Cv~0HLmB75
05011         C2009 04 14.87419 08 08 42.55 +20 54 06.8          15.4 Cv~0HLmB75
05011         C2009 04 16.12576 08 19 51.45 +19 44 01.4          16.6 Vr~06Ck703
05011         C2009 04 16.13012 08 19 53.68 +19 43 46.5          16.6 Vr~06Ck703
05011         C2009 04 16.13742 08 19 57.46 +19 43 22.4          16.4 Vr~06Ck703
05011         C2009 04 16.14183 08 19 59.70 +19 43 05.5          16.4 Vr~06Ck703
05011         C2009 04 18.88479 08 42 54.21 +17 07 46.3          15.8 Vr~06PeB12
05011         C2009 04 18.88694 08 42 55.24 +17 07 38.9          15.9 Vr~06PeB12
05011        1C2009 04 18.90885 08 43 05.41 +17 06 20.9          15.9  o~0GGe084
05011        1C2009 04 18.91098 08 43 06.48 +17 06 13.4          16.1  o~0GGe084
05011        1C2009 04 18.91207 08 43 07.02 +17 06 09.1          15.9  o~0GGe084
05011         C2009 04 18.95162 08 43 25.86 +17 03 58.5          15.6 Vr~06PeB12
05011         C2009 04 18.95864 08 43 29.19 +17 03 34.5          15.7 Vr~06PeB12
05011         C2009 04 19.82200 08 50 15.99 +16 15 07.6          16.3 Rr~06Pe113
05011         C2009 04 19.82282 08 50 16.24 +16 15 04.6          16.8 Rr~06Pe113
05011         C2009 04 19.82365 08 50 16.70 +16 15 02.0          16.2 Rr~06Pe113
05011         C2009 04 19.82446 08 50 17.08 +16 14 59.1          16.0 Rr~06Pe113
05011         C2009 04 19.82528 08 50 17.46 +16 14 56.2          15.8 Rr~06Pe113
05011         C2009 04 19.83995 08 50 24.28 +16 14 07.8                c~07mf127
05011         C2009 04 19.84288 08 50 25.64 +16 13 57.9                c~07mf127
05011         C2009 04 19.84567 08 50 26.89 +16 13 48.1                c~07mf127
05011         C2009 04 19.84882 08 50 28.31 +16 13 37.9                c~07mf127
05011        1C2009 04 20.89622 08 58 24.36 +15 15 14.7          16.4  r~0GGe084
05011        1C2009 04 20.89943 08 58 25.81 +15 15 04.1          16.4  r~0GGe084
05011        1C2009 04 21.85817 09 05 26.79 +14 22 25.6          16.9  o~0GGe084
05011        1C2009 04 21.86029 09 05 27.69 +14 22 18.9          17.1  o~0GGe084
05011         C2009 04 24.12247 09 21 06.12 +12 21 37.1          16.7 Vr~06Pe703
05011         C2009 04 24.12918 09 21 08.74 +12 21 16.0          16.6 Vr~06Pe703
05011         C2009 04 24.13590 09 21 11.34 +12 20 54.8          16.7 Vr~06Pe703
05011         C2009 04 24.14254 09 21 13.96 +12 20 34.0          16.6 Vr~06Pe703
05011         C2009 04 24.19747 09 21 35.38 +12 17 41.0          17.0  c~06Pe704
05011         C2009 04 24.20807 09 21 39.51 +12 17 07.4          17.3  c~06Pe704
05011         C2009 04 24.21877 09 21 43.64 +12 16 34.5          16.8  c~06Pe704
05011         C2009 04 26.16181 09 34 08.27 +10 37 24.2          16.0 Rr~06ieH53
05011         C2009 04 26.16460 09 34 09.24 +10 37 17.6          16.1 Rr~06ieH53
05011         C2009 04 26.16739 09 34 10.28 +10 37 09.1          16.0 Rr~06ieH53
05011         C2009 04 26.17017 09 34 11.26 +10 37 00.8          15.9 Rr~06ieH53
05011         C2009 04 26.17295 09 34 12.30 +10 36 52.6          16.2 Rr~06ieH53
05011         C2009 04 26.17572 09 34 13.31 +10 36 42.9          16.1 Rr~06ieH53
05011         C2009 04 26.77356 09 37 52.41 +10 07 09.4          16.6  r~0GbHC20
05011        1C2009 04 26.86150 09 38 24.20 +10 02 45.3          16.2  r~0GGe084
05011        1C2009 04 26.86469 09 38 25.36 +10 02 35.2          16.0  r~0GGe084
05011         C2009 05 12.77510 10 52 57.89 -00 15 27.8          17.4  r~0GbHC20
05011         C2009 05 14.34881110 58 38.32 -01 00 58.6                r~0732432
05011         C2009 05 14.37790510 58 44.28 -01 01 48.3                r~0732432
05011         C2009 05 14.84479 11 00 21.72 -01 15 18.6          18.0  r~0GbHC20
05011         C2009 05 15.16484 11 01 28.84 -01 24 11.8          17.0 Vr~06tW703
05011         C2009 05 15.17148 11 01 30.14 -01 24 22.5          16.9 Vr~06tW703
05011         C2009 05 15.17804 11 01 31.47 -01 24 33.5          17.1 Vr~06tW703
05011         C2009 05 15.18475 11 01 32.84 -01 24 44.0          17.0 Vr~06tW703
05011         C2009 05 15.41870411 02 21.41 -01 30 55.0                r~0732432
05011         C2009 05 15.43174211 02 24.02 -01 31 16.8                r~0732432
05011         C2009 05 15.44480611 02 26.64 -01 31 38.3                r~0732432
05011         C2010 08 02.40352 22 54 13.30 -17 03 56.7          19.2  c~0LQO704
05011         C2010 08 02.41541 22 54 12.61 -17 04 02.5          19.7  c~0LQO704
05011         C2010 08 02.42720 22 54 11.92 -17 04 07.0          19.4  c~0LQO704
05011         C2010 08 02.43903 22 54 11.21 -17 04 12.7          19.3  c~0LQO704
05011         C2010 08 10.66600 22 44 46.23 -18 06 55.6          19.0 Rr~0LtRD29
05011         C2010 08 10.68040 22 44 45.07 -18 07 02.7          19.0 Rr~0LtRD29
05011         C2010 08 10.69538 22 44 43.85 -18 07 09.6          19.0 Rr~0LtRD29
05011         C2010 08 10.71079 22 44 42.63 -18 07 17.0          19.0 Rr~0LtSD29
05011         C2010 08 18.49824522 33 27.727-19 09 49.48         18.81rL~0QvEF51
05011         C2010 08 18.50999322 33 26.582-19 09 55.17         18.80rL~0QvEF51
05011         C2010 08 18.51875622 33 25.734-19 09 59.33         19.22gL~0QvEF51
05011         C2010 08 18.52985622 33 24.654-19 10 04.62         19.23gL~0QvEF51
05011         C2010 09 15.19972 21 46 03.64 -21 48 24.2          19.4 Vr~0MzX703
05011         C2010 09 15.20720 21 46 02.82 -21 48 27.1          19.3 Vr~0MzX703
05011         C2010 09 15.21471 21 46 02.10 -21 48 27.7          20.9 Vr~0MzX703
05011         C2010 09 15.22220 21 46 01.41 -21 48 30.1          19.4 Vr~0MzX703
05011         C2010 09 29.16324 21 27 42.75 -21 52 17.8          19.1  c~0NLu704
05011         C2010 09 29.17696 21 27 41.79 -21 52 16.7          19.4  c~0NLu704
05011         C2010 09 29.19048 21 27 40.90 -21 52 15.2          19.2  c~0NLu704
05011         C2010 09 29.20393 21 27 40.12 -21 52 13.9          19.6  c~0NLu704
05011         C2010 09 29.21780 21 27 39.19 -21 52 12.3          19.0  c~0NLu704
05011         C2010 10 28.08945 21 18 07.94 -19 38 37.9          19.4  c~0Ntx704
05011         C2010 10 28.10210 21 18 08.24 -19 38 32.4          19.4  c~0Ntx704
05011         C2010 10 28.11476 21 18 08.44 -19 38 26.8          19.2  c~0Ntx704
05011         C2011 05 13.15019 08 03 54.64 +21 35 25.9          18.6 Vr~0VqmG96
05011         C2011 05 13.15951 08 03 57.88 +21 35 10.5          18.4 Vr~0VqmG96
05011         C2011 05 13.16883 08 04 01.16 +21 34 55.4          18.5 Vr~0VqmG96
05011         C2011 05 13.17818 08 04 04.44 +21 34 40.5          18.4 Vr~0VqmG96
05011         C2011 05 30.26277 09 34 35.796+12 58 39.00         19.1 wL~0WJyF51
05011         C2011 05 30.26741 09 34 37.088+12 58 30.17         19.1 wL~0WJyF51
05011         C2011 05 30.27204 09 34 38.379+12 58 21.36         19.1 wL~0WJyF51
05011         C2011 05 30.27668 09 34 39.676+12 58 12.54         19.0 wL~0WJyF51
05011         C2011 06 29.26909 11 30 30.825-01 17 32.81         20.9 wL~0Wk7F51
05011         C2011 06 29.27369 11 30 31.704-01 17 39.50         20.9 wL~0Wk7F51
05011         C2011 06 29.27830 11 30 32.576-01 17 46.24         20.9 wL~0Wk7F51
05011         C2011 06 29.28290 11 30 33.445-01 17 52.85         20.9 wL~0Wk7F51
05011        |C2012 07 24.41346 22 13 21.72 -21 59 20.5          19.6 Vu~0hsg807
05011        |C2012 07 24.41750 22 13 21.45 -21 59 22.1          20.0 Vu~0hsg807
05011        |C2012 07 24.42153 22 13 21.17 -21 59 24.1          19.8 Vu~0hsg807
05011        |C2012 07 24.42556 22 13 20.90 -21 59 25.8          19.8 Vu~0hsg807
05011        |C2012 07 24.42957 22 13 20.63 -21 59 27.7          20.2 Vu~0hsg807
05011         c2012 08 21.38095 21 31 33.837-25 15 12.45         19.8 wL~0iIYF51
05011         c2012 08 21.39478 21 31 32.398-25 15 16.19         19.2 wL~0iIYF51
05011         c2012 08 21.40892 21 31 30.912-25 15 20.46         19.2 wL~0iIYF51
05011         c2012 08 21.42276 21 31 29.463-25 15 24.66         19.1 wL~0iIYF51
05011         c2012 09 05.32242021 07 42.921-26 02 08.75         19.4 rL~0iamF51
05011         c2012 09 05.33241321 07 42.044-26 02 09.55         19.5 rL~0iamF51
05011         C2012 10 11.14279 20 42 15.51 -24 29 49.4          20.3 Vr~0jkeG96
05011         C2012 10 11.14970 20 42 15.48 -24 29 47.3          20.0 Vr~0jkeG96
05011         C2012 10 11.15667 20 42 15.51 -24 29 45.1          20.1 Vr~0jkeG96
05011         C2014 06 29.52970 21 52 48.149-23 46 36.82         20.3 wL~1624F51
05011         C2014 06 29.54022 21 52 47.781-23 46 40.36         20.2 wL~1624F51
05011         C2014 06 29.55078 21 52 47.415-23 46 44.21         20.3 wL~1624F51
05011         C2014 06 29.56129 21 52 47.041-23 46 47.86         20.3 wL~1624F51
05011         C2014 07 30.47583 21 18 48.534-27 20 23.98         19.5 wL~16m1F51
05011         C2014 07 30.48663 21 18 47.486-27 20 28.16         19.5 wL~16m1F51
05011         C2014 07 30.49743 21 18 46.445-27 20 32.35         19.5 wL~16m1F51
05011         C2014 07 30.50822 21 18 45.402-27 20 36.62         19.6 wL~16m1F51
05011         C2014 08 22.38292 20 41 38.971-29 00 14.87         20.5 wL~17tTF51
05011         C2014 08 22.39439 20 41 37.897-29 00 16.09         20.8 wL~17tTF51
05011         C2014 08 22.40587 20 41 36.807-29 00 17.24         20.7 wL~17tTF51
05011         C2014 08 23.40119 20 40 07.021-29 01 51.68         19.6 wL~17tTF51
05011         C2014 08 23.41197 20 40 06.028-29 01 52.58         19.6 wL~17tTF51
05011         C2014 09 02.29956 20 26 48.658-29 04 41.61         19.6 iL~18JFF51
05011         C2014 09 02.31147 20 26 47.778-29 04 40.80         19.4 iL~18JFF51
05011         C2014 09 02.33529 20 26 46.074-29 04 39.89         19.7 iL~18JFF51
05011         C2016 06 13.55707 21 24 36.776-26 03 40.30         20.2 wL~1uC6F51
05011         C2016 06 13.56872 21 24 36.520-26 03 43.91         20.3 wL~1uC6F51
05011         C2016 06 13.58037 21 24 36.254-26 03 47.53         20.2 wL~1uC6F51
05011         C2016 06 13.59202 21 24 36.010-26 03 51.08         20.2 wL~1uC6F51
05011         C2016 07 05.47997 21 08 17.135-28 21 21.86         20.5 wL~1v39F51
05011         C2016 07 05.49082 21 08 16.359-28 21 26.37         20.6 wL~1v39F51
05011         C2016 07 05.50169 21 08 15.573-28 21 30.96         20.6 wL~1v39F51
05011         C2016 07 05.51252 21 08 14.798-28 21 35.49         20.7 wL~1v39F51
05011         C2016 08 10.33422 20 13 25.044-31 22 33.42         19.6 rL~1wgpF51
05011         C2016 08 10.34392 20 13 24.105-31 22 34.46         19.4 rL~1wgpF51
05011         C2016 08 10.35361 20 13 23.164-31 22 35.37         19.5 rL~1wgpF51
05011         C2016 08 10.36331 20 13 22.226-31 22 36.30         19.6 rL~1wgpF51
05011         C2016 08 20.33065 19 59 05.604-31 26 27.07         19.6 iL~1x0JF51
05011         C2016 08 20.34033 19 59 04.834-31 26 26.82         19.8 iL~1x0JF51
05011         C2018 06 10.55317 20 51 36.634-28 56 41.16         20.4 wU~2fewF51
05011         C2018 06 10.56417 20 51 36.236-28 56 45.04         20.3 wU~2fewF51
05011         C2018 06 10.57514 20 51 35.843-28 56 48.99         20.4 wU~2fewF51
05011         C2018 06 10.58612 20 51 35.449-28 56 52.84         20.4 wU~2fewF51
05011         C2018 06 17.52506 20 46 45.648-29 39 51.18         20.6 wU~2g7yF51
05011         C2018 06 17.53672 20 46 45.048-29 39 55.75         20.6 wU~2g7yF51
05011         C2018 06 17.54834 20 46 44.440-29 40 00.12         20.7 wU~2g7yF51
05011         C2018 06 17.55998 20 46 43.814-29 40 04.77         20.6 wU~2g7yF51
05011         C2018 06 18.51565 20 45 54.971-29 46 16.74         20.3 wU~2g7yF51
05011         C2018 06 18.52533 20 45 54.441-29 46 20.44         20.4 wU~2g7yF51
05011         C2018 06 18.53502 20 45 53.910-29 46 24.30         20.2 wU~2g7yF51
05011         C2018 06 18.54470 20 45 53.378-29 46 28.19         20.2 wU~2g7yF51
05011         C2018 06 19.52482 20 45 00.929-29 52 52.76         20.2 wU~2g7yF51
05011         C2018 06 19.53514 20 45 00.342-29 52 56.85         20.4 wU~2g7yF51
05011         C2018 06 19.54547 20 44 59.748-29 53 00.93         20.2 wU~2g7yF51
05011         C2018 06 19.55581 20 44 59.158-29 53 05.04         20.2 wU~2g7yF51
05011         C2018 07 10.43712 20 18 15.129-32 06 41.37         20.0 wU~2hkHF51
05011         C2018 07 10.45968 20 18 12.920-32 06 48.94         19.9 wU~2hkHF51
05011         C2018 07 10.47102 20 18 11.813-32 06 52.71         19.8 wU~2hkHF51
05011         C2018 07 11.44190 20 16 38.903-32 12 09.97         19.8 wU~2hkHF51
05011         C2018 07 11.45998 20 16 37.110-32 12 15.73         19.8 wU~2hkHF51
05011         C2018 07 11.46904 20 16 36.221-32 12 18.75         19.8 wU~2hkHF51
05011         C2020 05 25.55572 20 23 16.918-30 18 20.84         20.2 wU~3vXBF51
05011         C2020 05 25.56730 20 23 16.659-30 18 24.52         20.3 wU~3vXBF51
05011         C2020 05 25.57885 20 23 16.418-30 18 28.36         20.2 wU~3vXBF51
05011         C2020 05 25.59045 20 23 16.167-30 18 31.98         20.3 wU~3vXBF51
05011         C2020 05 31.56607 20 20 39.201-30 52 09.33         20.6 wU~3wTvF51
05011         C2020 05 31.57653 20 20 38.821-30 52 13.14         20.5 wU~3wTvF51
05011         C2020 05 31.58700 20 20 38.448-30 52 16.83         20.5 wU~3wTvF51
05011         C2020 05 31.59738 20 20 38.075-30 52 20.54         20.4 wU~3wTvF51
05011         C2020 06 16.48510 20 06 31.411-32 32 47.45         20.8 wU~3wwkF51
05011         C2020 06 16.49483 20 06 30.675-32 32 51.22         20.8 wU~3wwkF51
05011         C2020 06 16.50454 20 06 29.958-32 32 55.09         20.7 wU~3wwkF51
05011         C2020 06 16.51423 20 06 29.214-32 32 58.78         20.7 wU~3wwkF51
05011         C2020 06 21.48916 20 00 00.313-33 04 14.47         20.0 wU~3xuYF51
05011         C2020 06 21.49949 19 59 59.428-33 04 18.25         20.0 wU~3xuYF51
05011         C2020 06 21.52014 19 59 57.644-33 04 25.85         19.9 wU~3xuYF51
05011         C2020 07 21.38754 19 10 22.025-34 50 22.88         19.6 wU~413TF51
05011         C2020 07 21.39660 19 10 21.103-34 50 22.98         19.6 wU~413TF51
05011         C2020 07 21.40565 19 10 20.178-34 50 23.09         19.6 wU~413TF51
05011         C2020 07 21.41472 19 10 19.257-34 50 23.19         19.6 wU~413TF51
05011         C2021 07 20.48274005 20 39.97 +25 49 43.8          18.70rU~4vByI41
05011         C2021 07 20.48516005 20 40.69 +25 49 44.7          18.69rU~4vByI41
05011         C2021 07 20.49001005 20 42.11 +25 49 47.4          18.72rU~4vByI41
05011         C2021 07 20.49244005 20 42.82 +25 49 48.3          19.03rU~4vByI41
05011         C2022 05 24.54744619 46 17.159-32 39 51.27         20.25wU~5g26F52
05011         C2022 05 24.55635819 46 16.769-32 39 54.66         20.31wU~5g26F52
05011         C2022 05 24.56523419 46 16.387-32 39 57.94         20.37wU~5g26F52
05011         C2022 05 24.57419119 46 16.007-32 40 01.28         20.40wU~5g26F52
05011         C2023 09 04.59348107 37 12.691+25 56 56.72         18.20oV~79SIT05
05011         C2023 09 04.59642807 37 13.694+25 56 55.32         18.44oV~79SIT05
05011         C2023 09 04.60253607 37 15.852+25 56 51.61         18.07oV~79SIT05
05011         C2023 09 04.62213107 37 22.534+25 56 40.92         18.35oV~79SIT05
05011        KC2023 09 14.16984408 31 55.76 +23 45 03.2          17.6 GX~89eQC95
05011        KC2023 09 14.17326108 31 56.78 +23 45 00.9          17.3 GX~89eQC95
05011        1C2023 09 25.49655809 34 10.672+19 35 48.55         18.16GV~7EtnG96
05011        1C2023 09 25.49940609 34 11.582+19 35 44.38         18.15GV~7EtnG96
05011        1C2023 09 25.50225609 34 12.551+19 35 39.88         17.85GV~7EtnG96
05011        1C2023 09 25.50511209 34 13.372+19 35 35.70         18.04GV~7EtnG96
05011         C2025 07 29.57137503 00 40.836+16 18 48.13         18.85oV~91ltT05
05011         C2025 07 29.58291303 00 42.869+16 19 00.05         19.07oV~91ltT05
05011         C2025 07 29.58822503 00 43.805+16 19 04.62         18.87oV~91ltT05
05011         C2025 07 29.59666303 00 45.343+16 19 13.30         19.09oV~91ltT05
05011         C2025 08 03.15415603 14 39.830+17 35 44.30         19.28wV~93bdR17
05011         C2025 08 03.16887603 14 42.655+17 35 59.46         19.21wV~93bdR17
05011         C2025 08 03.18345103 14 45.338+17 36 14.65         19.32wV~93bdR17
05011         C2025 08 03.19490503 14 47.501+17 36 25.67         19.70wV~93bdR17
05011         C2025 08 06.58623303 25 42.110+18 33 53.64         18.55oV~93bdT05
05011         C2025 08 06.58956903 25 42.773+18 33 57.38         18.82oV~93bdT05
05011         C2025 08 06.59532603 25 43.829+18 34 03.14         18.58oV~93bdT05
05011         C2025 08 06.61554503 25 47.844+18 34 23.77         18.64oV~93bdT05
05011         C2025 08 18.58412704 08 56.189+21 57 13.72         18.24oV~95EJT05
05011         C2025 08 18.59241604 08 58.111+21 57 21.92         18.20oV~95EJT05
05011         C2025 08 18.60070404 09 00.055+21 57 30.60         18.34oV~95EJT05
05011         C2025 08 18.60899404 09 01.985+21 57 38.66         18.49oV~95EJT05
05011         C2025 08 23.60368904 29 35.333+23 19 32.90         19.42wX~95EJF52
05011         C2025 08 23.60890904 29 36.653+23 19 37.96         19.32wX~95EJF52
05011         C2025 08 23.61407404 29 37.962+23 19 43.04         19.23wX~95EJF52
05011         C2025 08 23.61922804 29 39.280+23 19 48.08         19.27wX~95EJF52
05011         C2025 08 26.59567904 42 44.357+24 06 40.91         18.67wX~95EJF52
05011         C2025 08 26.60022004 42 45.569+24 06 45.21         18.65wX~95EJF52
05011         C2025 08 26.60918304 42 47.967+24 06 53.62         18.72wX~95EJF52
05011         C2025 08 30.58337605 01 19.186+25 06 05.72         18.23oV~95EJT05
05011         C2025 08 30.58612405 01 19.939+25 06 07.67         18.44oV~95EJT05
05011         C2025 08 30.59344905 01 22.032+25 06 14.47         18.24oV~95EJT05
05011         C2025 08 30.61481405 01 28.159+25 06 32.98         18.00oV~95EJT05
05011         C2025 08 31.14468405 04 02.261+25 14 02.80         18.89wV~95EJR17
05011         C2025 08 31.15885405 04 06.379+25 14 14.06         18.37wV~95EJR17
05011         C2025 08 31.16869705 04 09.190+25 14 22.42         18.91wV~95EJR17
05011         C2025 08 31.17742505 04 11.724+25 14 30.05         18.88wV~95EJR17
05011         C2025 09 02.61630805 16 17.891+25 47 46.70         18.84wX~95EJF52
05011         C2025 09 02.61958005 16 18.880+25 47 49.35         18.75wX~95EJF52
05011         C2025 09 02.62286605 16 19.867+25 47 51.99         18.82wX~95EJF52
