85585J98F02G* C1998 03 21.33348 13 41 51.03 -11 04 50.3          17.7 Rza0702683
85585J98F02G  C1998 03 21.35658 13 41 42.98 -11 04 57.2          17.6 Rza0702683
85585J98F02G  C1998 03 21.37909 13 41 35.13 -11 05 03.6          18.1 Rza0702683
85585J98F02G  C1998 03 21.46442 13 41 05.63 -11 05 28.0          18.1 Rza0702683
85585J98F02G  C1998 03 21.47060 13 41 03.44 -11 05 29.9          17.8 Rza0702683
85585J98F02G  C1998 03 21.49929 13 40 53.65 -11 05 36.5          18.0 Rza0702683
85585J98F02G  C1998 03 21.51571 13 40 48.16 -11 05 40.3          17.9 Rza0702683
85585J98F02G  C1998 03 22.08171 13 37 52.30 -11 08 26.9                za0702620
85585J98F02G  C1998 03 22.08646 13 37 50.79 -11 08 28.2                za0702620
85585J98F02G  C1998 03 22.09271 13 37 48.81 -11 08 29.8          18.1 Rza0702620
85585J98F02G  C1998 03 22.09942 13 37 46.68 -11 08 31.5                za0702620
85585J98F02G  C1998 03 22.21723 13 37 14.42 -11 08 49.9                za0702683
85585J98F02G  C1998 03 22.22542 13 37 11.70 -11 08 51.0                za0702683
85585J98F02G  C1998 03 22.25555 13 37 01.69 -11 09 02.5          18.1  aa0702704
85585J98F02G  C1998 03 22.27577 13 36 55.08 -11 09 09.1          18.7  aa0702704
85585J98F02G  C1998 03 22.29601 13 36 48.34 -11 09 13.9          18.9  aa0702704
85585J98F02G  C1998 03 22.31602 13 36 41.83 -11 09 18.4          19.0  aa0702704
85585J98F02G  C1998 03 22.33607 13 36 35.20 -11 09 24.8          18.7  aa0702704
85585J98F02G  C1998 03 22.40072 13 36 13.97 -11 09 38.7          17.9 Rza0702683
85585J98F02G  C1998 03 22.40873 13 36 11.43 -11 09 40.9          18.8 Rza0702683
85585J98F02G  C1998 03 22.41701 13 36 08.65 -11 09 42.7          18.4 Rza0702683
85585J98F02G  C1998 03 22.47935 13 35 48.16 -11 09 55.2          17.4 Rza0702683
85585J98F02G  C1998 03 22.48242 13 35 53.28 -11 08 40.7          18.5 R a0702422
85585J98F02G  C1998 03 22.48399 13 35 52.76 -11 08 41.3          18.8 R a0702422
85585J98F02G  C1998 03 22.48558 13 35 52.27 -11 08 41.9          18.2 R a0702422
85585J98F02G  C1998 03 22.48741 13 35 45.87 -11 09 55.6          17.6 Rza0702683
85585J98F02G  C1998 03 22.50451 13 35 40.13 -11 10 01.0          17.6 Rza0702683
85585J98F02G  C1998 03 22.50722 13 35 45.35 -11 08 48.1          18.4 R a0702422
85585J98F02G  C1998 03 22.50905 13 35 44.75 -11 08 48.9          18.7 R a0702422
85585J98F02G  C1998 03 22.51508 13 35 36.73 -11 10 03.4          17.3 Rza0702683
85585J98F02G  C1998 03 22.70382 13 34 42.64 -11 10 50.5          18.3 V a0702360
85585J98F02G  C1998 03 22.70868 13 34 41.08 -11 10 51.6                 a0702360
85585J98F02G  C1998 03 22.71250 13 34 39.80 -11 10 52.4                 a0702360
85585J98F02G  C1998 03 23.00412 13 33 13.61 -11 12 06.2                 a0702557
85585J98F02G  C1998 03 23.00611 13 33 13.03 -11 12 06.3                 a0702557
85585J98F02G  C1998 03 23.00809 13 33 12.42 -11 12 06.7                 a0702557
85585J98F02G  C1998 03 23.01007 13 33 11.78 -11 12 07.0          18.3 V a0702557
85585J98F02G  C1998 03 23.10147 13 32 43.22 -11 12 25.0          18.2 V a0702046
85585J98F02G  C1998 03 23.10289 13 32 42.46 -11 12 24.2                 a0702046
85585J98F02G  C1998 03 23.10668 13 32 41.47 -11 12 24.9                 a0702046
85585J98F02G  C1998 03 23.10794 13 32 40.95 -11 12 24.3                 a0702046
85585J98F02G  C1998 03 23.10932 13 32 40.64 -11 12 25.0                 a0702046
85585J98F02G  C1998 03 23.11095 13 32 40.22 -11 12 26.3                 a0702046
85585J98F02G  C1998 03 23.11245 13 32 39.70 -11 12 26.3                 a0702046
85585J98F02G  C1998 03 23.25741 13 32 01.45 -11 12 40.4                za0702683
85585J98F02G  C1998 03 23.26317 13 31 59.71 -11 12 41.5                za0702683
85585J98F02G  C1998 03 23.49392 13 30 53.39 -11 12 12.5          18.7 R a0702422
85585J98F02G  C1998 03 23.49562 13 30 52.80 -11 12 13.2                 a0702422
85585J98F02G  C1998 03 23.55104 13 30 36.54 -11 12 22.4          18.3 R a0702426
85585J98F02G  C1998 03 23.55487 13 30 35.41 -11 12 23.3          18.3 R a0702426
85585J98F02G  C1998 03 23.55966 13 30 33.96 -11 12 24.8          18.2 R a0702426
85585J98F02G  C1998 03 23.98209 13 28 31.84 -11 14 58.0          18.6 V a0702046
85585J98F02G  C1998 03 23.98340 13 28 31.50 -11 14 58.2                 a0702046
85585J98F02G  C1998 03 23.98478 13 28 31.03 -11 14 58.2                 a0702046
85585J98F02G  C1998 03 25.31145 13 22 31.35 -11 17 26.1                za0939683
85585J98F02G  C1998 03 25.31744 13 22 29.64 -11 17 27.1                za0939683
85585J98F02G  C1998 03 25.35598 13 22 18.44 -11 17 32.6          18.1  aa0702704
85585J98F02G  C1998 03 25.37624 13 22 12.65 -11 17 33.3          18.6  aa0702704
85585J98F02G  C1998 03 25.39650 13 22 06.82 -11 17 35.1          18.4  aa0702704
85585J98F02G  C1998 03 25.41664 13 22 00.74 -11 17 36.8          18.9  aa0702704
85585J98F02G  C1998 03 26.98574 13 15 30.44 -11 19 14.6          18.6 V a0702046
85585J98F02G  C1998 03 26.98708 13 15 30.12 -11 19 14.5                 a0702046
85585J98F02G  C1998 03 26.99108 13 15 29.08 -11 19 15.6                 a0702046
85585J98F02G  C1998 03 28.32765 13 10 19.79 -11 19 09.2          18.2  aa0702704
85585J98F02G  C1998 03 28.34867 13 10 14.65 -11 19 09.6          18.3  aa0702704
85585J98F02G  C1998 03 28.36960 13 10 09.58 -11 19 10.1          18.1  aa0702704
85585J98F02G  C1998 03 28.39055 13 10 04.45 -11 19 08.5          18.2  aa0702704
85585J98F02G  C1998 03 28.41138 13 09 59.54 -11 19 07.4          18.4  aa0702704
85585J98F02G  C1998 03 28.72751 13 08 49.92 -11 19 00.6          18.6 Vza0702402
85585J98F02G  C1998 03 28.72960 13 08 49.51 -11 19 01.9                za0702402
85585J98F02G  C1998 03 28.73168 13 08 49.10 -11 19 01.8                za0702402
85585J98F02G  C1998 03 29.28687 13 06 51.98 -11 18 41.4          18.9  aa0702704
85585J98F02G  C1998 03 29.30716 13 06 47.30 -11 18 40.6          18.6  aa0702704
85585J98F02G  C1998 03 29.32734 13 06 42.65 -11 18 39.6          18.9  aa0702704
85585J98F02G  C1998 03 29.34773 13 06 37.89 -11 18 38.2          18.9  aa0702704
85585J98F02G  C1998 03 29.36796 13 06 33.22 -11 18 38.1          18.9  aa0702704
85585J98F02G  C1998 03 29.38078 13 06 31.20 -11 18 45.8                 a0702658
85585J98F02G  C1998 03 29.38454 13 06 30.34 -11 18 45.7                 a0702658
85585J98F02G  C1998 03 29.38656 13 06 29.89 -11 18 45.5                 a0702658
85585J98F02G  C1998 03 29.58665 13 05 48.72 -11 17 27.8          18.2 R a0702422
85585J98F02G  C1998 03 29.58882 13 05 48.16 -11 17 27.5          18.1 R a0702422
85585J98F02G  C1998 03 30.04361 13 04 13.42 -11 18 09.3          18.6 V a0702046
85585J98F02G  C1998 03 30.04492 13 04 13.15 -11 18 09.4                 a0702046
85585J98F02G  C1998 03 30.05389 13 04 11.21 -11 18 08.5                 a0702046
85585J98F02G  C1998 03 30.05502 13 04 10.98 -11 18 08.4                 a0702046
85585J98F02G  C1998 03 31.96090 12 58 05.54 -11 15 33.3                 a0702557
85585J98F02G  C1998 03 31.96787 12 58 04.18 -11 15 32.4                 a0702557
85585J98F02G  C1998 03 31.97021 12 58 03.71 -11 15 32.1                 a0702557
85585J98F02G  C1998 03 31.97253 12 58 03.24 -11 15 32.1                 a0702557
85585J98F02G  C1998 04 01.24078 12 57 16.12 -11 14 56.1          18.1  aa0702704
85585J98F02G  C1998 04 01.26082 12 57 12.17 -11 14 53.2          18.5  aa0702704
85585J98F02G  C1998 04 01.28084 12 57 08.17 -11 14 51.3          18.2  aa0702704
85585J98F02G  C1998 04 01.30111 12 57 04.18 -11 14 49.3          18.5  aa0702704
85585J98F02G  C1998 04 01.32119 12 57 00.21 -11 14 47.8          18.3  aa0702704
85585J98F02G  C1998 04 02.65972 12 53 10.22 -11 12 13.1          18.8 V a0702360
85585J98F02G  C1998 04 02.66389 12 53 09.47 -11 12 12.7                 a0702360
85585J98F02G  C1998 04 02.66840 12 53 08.64 -11 12 12.3                 a0702360
85585J98F02G  C1998 04 05.36655 12 46 17.08 -11 05 59.4                za0939683
85585J98F02G  C1998 04 05.37375 12 46 15.94 -11 05 58.6                za0939683
85585J98F02G  C1998 04 05.38194 12 46 14.73 -11 05 56.8                za0939683
85585J98F02G  C1998 05 29.40585 12 37 20.37 -11 21 32.5                 a1246568
85585J98F02G  C1998 05 29.42230 12 37 21.29 -11 21 36.6                 a1246568
85585J98F02G  C1998 05 30.40085 12 38 21.87 -11 25 50.5                 a1246568
85585J98F02G 3C2000 06 07.58252 22 47 15.89 -13 10 40.9                 b6389568
85585J98F02G 3C2000 06 07.59067 22 47 16.57 -13 10 37.8                 b6389568
85585J98F02G 3C2000 07 05.56647 23 21 04.46 -10 34 11.1                 b6389568
85585J98F02G 3C2000 07 05.57443 23 21 04.87 -10 34 08.8                 b6389568
85585J98F02G 3C2000 07 05.58233 23 21 05.27 -10 34 07.0                 b6389568
85585J98F02G 3C2000 07 05.59022 23 21 05.67 -10 34 05.7                 b6389568
85585J98F02G 1C2000 09 03.59625022 57 24.519-13 07 01.99         20.8 R b7436413
85585J98F02G 1C2000 09 03.59818922 57 24.220-13 07 03.11         20.9 R b7436413
85585J98F02G  C2001 04 18.52265 14 52 39.702-24 51 13.77MPS 2987620.3 R 49385568
85585J98F02G  C2001 04 18.52536 14 52 39.182-24 51 12.81MPS 2987620.3 R 49385568
85585J98F02G 2C2003 07 29.61418400 32 57.966-01 51 25.02         22.6 Roi2871568
85585J98F02G 2C2003 07 30.59663200 34 18.958-01 42 40.45         22.8 Roi2871568
85585J98F02G 2C2003 07 31.58389100 35 39.756-01 33 53.98         22.4 Roi2871568
85585J98F02G 1C2003 09 17.63659901 26 31.117+07 35 45.69         19.4 Rri4430413
85585J98F02G 1C2003 09 17.64284601 26 31.304+07 35 53.51         19.4 Rri4430413
85585J98F02G 1C2003 09 18.75680 01 27 18.811+07 59 50.10         19.5 Rri4430413
85585J98F02G  C2003 09 19.38754 01 27 47.77 +08 13 16.4          18.8 Roi4430699
85585J98F02G  C2003 09 19.40079 01 27 48.16 +08 13 34.5                oi4430699
85585J98F02G  C2003 09 19.41410 01 27 48.47 +08 13 53.5                oi4430699
85585J98F02G  C2003 09 19.42732 01 27 48.84 +08 14 10.5                oi4430699
85585J98F02G  C2003 09 19.88131 01 28 10.51 +08 24 31.3                di4968A50
85585J98F02G  C2003 09 19.89527 01 28 10.96 +08 24 54.7                di4968A50
85585J98F02G  C2003 09 19.90226 01 28 11.18 +08 25 02.4                di4968A50
85585J98F02G  C2003 09 19.90924 01 28 11.31 +08 25 12.5                di4968A50
85585J98F02G  C2003 09 19.92391 01 28 11.95 +08 25 33.2                di4968A50
85585J98F02G  C2003 09 19.98708 01 28 13.88 +08 27 03.5          18.9 Vdi4968A50
85585J98F02G  C2003 09 19.99059 01 28 14.01 +08 27 08.4          18.6 Vdi4968A50
85585J98F02G  C2003 09 19.99411 01 28 14.12 +08 27 13.8          18.8 Vdi4968A50
85585J98F02G  C2003 09 19.99762 01 28 14.20 +08 27 18.4          18.7 Vdi4969A50
85585J98F02G  C2003 09 20.30164 01 28 28.36 +08 34 44.5          19.3  ci4969704
85585J98F02G  C2003 09 20.31413 01 28 28.89 +08 35 03.4          19.6  ci4969704
85585J98F02G  C2003 09 20.32692 01 28 29.22 +08 35 21.4          19.2  ci4969704
85585J98F02G  C2003 09 20.33946 01 28 29.44 +08 35 39.8          19.8  ci4969704
85585J98F02G  C2003 09 20.35191 01 28 29.82 +08 35 58.9          19.6  ci4969704
85585J98F02G  C2003 09 26.28896 01 32 44.75 +11 29 05.3          18.2  ci4969704
85585J98F02G  C2003 09 26.30135 01 32 45.07 +11 29 32.0          18.7  ci4969704
85585J98F02G  C2003 09 26.31415 01 32 45.38 +11 29 59.5          18.7  ci4969704
85585J98F02G  C2003 09 26.32689 01 32 45.65 +11 30 26.6          18.5  ci4969704
85585J98F02G  C2003 09 26.33952 01 32 45.98 +11 30 53.5          18.5  ci4969704
85585J98F02G  C2003 09 29.99817201 35 30.18 +13 59 47.7                oj7537084
85585J98F02G  C2003 10 01.44979 01 36 39.84 +15 12 48.5          17.6 Vck6647691
85585J98F02G  C2003 10 01.47676 01 36 40.60 +15 14 16.4          18.2 Vck6647691
85585J98F02G  C2003 10 01.50348 01 36 41.50 +15 15 40.4          18.1 Vck6647691
85585J98F02G  C2003 10 04.30565 01 39 22.99 +18 06 56.6          17.1 Rci6847G90
85585J98F02G  C2003 10 04.31226 01 39 23.19 +18 07 24.5          17.1 Rci6847G90
85585J98F02G  C2003 10 04.31886 01 39 23.43 +18 07 52.4          17.0 Rci6847G90
85585J98F02G  C2003 10 05.35250 01 40 29.30 +19 23 54.9          17.8 Rmi6847683
85585J98F02G  C2003 10 05.35498 01 40 29.37 +19 24 06.1          17.8 Rmi6847683
85585J98F02G  C2003 10 05.35774 01 40 29.46 +19 24 19.1          17.9 Rmi6847683
85585J98F02G  C2003 10 08.91263901 45 25.10 +25 01 07.4                oj7537084
85585J98F02G  C2003 10 10.95814401 49 28.55 +29 31 21.5                oj7537084
85585J98F02G  C2003 10 11.74819 01 51 35.32 +31 36 18.9          16.3 Vri7259151
85585J98F02G  C2003 10 11.74955 01 51 35.55 +31 36 32.9          16.4 Vri7259151
85585J98F02G  C2003 10 11.75009 01 51 35.71 +31 36 38.4          16.3 Vri7259151
85585J98F02G  C2003 10 11.75057 01 51 35.64 +31 36 43.5          16.3 Vri7259151
85585J98F02G  C2003 10 15.24015 02 05 44.51 +44 10 58.9          16.6 Rci7259750
85585J98F02G  C2003 10 15.24315 02 05 45.42 +44 11 48.9          16.6 Rci7259750
85585J98F02G  C2003 10 15.24427 02 05 45.79 +44 12 07.7          16.6 Rci7259750
85585J98F02G  C2003 10 15.24775 02 05 46.84 +44 13 05.1          16.7 Rci7259750
85585J98F02G  C2003 10 15.25016 02 05 47.53 +44 13 44.6          16.7 Rci7259750
85585J98F02G  C2003 10 16.24726 02 13 09.02 +49 07 36.1          16.4 Rmi7259683
85585J98F02G  C2003 10 16.24924 02 13 09.92 +49 08 13.4          16.5 Rmi7259683
85585J98F02G  C2003 10 16.25747 02 13 13.45 +49 10 52.4          16.3 Rmi7259683
85585J98F02G  C2003 10 16.59319 02 16 15.77 +50 59 04.4          16.6 V i7259300
85585J98F02G  C2003 10 16.59453 02 16 16.39 +50 59 30.2          16.6 V i7259300
85585J98F02G  C2003 10 16.59572 02 16 16.98 +50 59 54.1          16.5 V i7259300
85585J98F02G  C2003 10 16.59691 02 16 17.58 +51 00 16.4          16.6 V i7259300
85585J98F02G  C2003 10 16.59810 02 16 18.25 +51 00 41.4          16.4 V i7259300
85585J98F02G  C2003 10 16.59932 02 16 18.68 +51 01 05.8          16.8 V i7259300
85585J98F02G  C2003 10 16.85121502 18 52.89 +52 24 02.7                oj7537084
85585J98F02G  C2003 10 17.51861 02 27 14.47 +56 21 27.7          15.8 V i7259300
85585J98F02G  C2003 10 17.52189 02 27 16.86 +56 22 42.4          15.8 V i7259300
85585J98F02G  C2003 10 17.52352 02 27 18.19 +56 23 20.4          15.6 V i7259300
85585J98F02G  C2003 10 17.52515 02 27 19.39 +56 23 56.7          16.0 V i7259300
85585J98F02G  C2003 10 17.52678 02 27 20.65 +56 24 34.1          16.1 V i7259300
85585J98F02G  C2003 10 18.48962 02 44 50.76 +62 36 26.9                 i7559300
85585J98F02G  C2003 10 18.49291 02 44 54.89 +62 37 47.3          16.7 V i7559300
85585J98F02G  C2003 10 18.49618 02 44 59.50 +62 39 09.3          16.9 V i7559300
85585J98F02G  C2003 10 18.49781 02 45 01.38 +62 39 50.4          17.3 V i7559300
85585J98F02G  C2003 10 18.98508802 57 34.94 +65 59 13.3                oj7537084
85585J98F02G  C2003 10 19.32115 03 09 23.64 +68 20 27.3                ci7559670
85585J98F02G  C2003 10 19.38633 03 11 44.38 +68 47 53.7          15.8 Rci7559670
85585J98F02G  C2003 10 19.44129 03 13 48.08 +69 10 40.5                ci7559670
85585J98F02G  C2003 10 19.58730 03 20 47.60 +70 11 01.8          17.4 V i7559300
85585J98F02G  C2003 10 19.58935 03 20 52.82 +70 11 54.8          17.0 V i7559300
85585J98F02G  C2003 10 19.59133 03 20 58.09 +70 12 45.9          17.2 V i7559300
85585J98F02G  C2003 10 19.59332 03 21 03.50 +70 13 36.4          17.2 V i7559300
85585J98F02G  C2003 10 20.01011903 43 36.43 +73 03 33.7                oj7537084
85585J98F02G  C2003 10 20.27483 04 03 24.90 +74 48 26.1          17.1 Rmi7559683
85585J98F02G  C2003 10 20.27720 04 03 35.91 +74 49 22.0          17.0 Rmi7559683
85585J98F02G  C2003 10 20.27997 04 03 48.85 +74 50 27.9          17.0 Rmi7559683
85585J98F02G  C2003 10 20.28193 04 03 58.00 +74 51 14.2          17.6 Rmi7559683
85585J98F02G  C2003 10 20.28393 04 04 07.43 +74 52 02.2          17.4 Rmi7559683
85585J98F02G  C2003 10 20.28585 04 04 16.37 +74 52 47.1          17.2 Rmi7559683
85585J98F02G  C2003 10 20.28872 04 04 29.77 +74 53 54.4          17.9 Rmi7559683
85585J98F02G  C2003 10 20.29117 04 04 41.45 +74 54 53.1          17.4 Rmi7559683
