2450893.8342113150 -1.110642460954425E+00 -5.661867982141223E-02 -2.541414543273896E-02 -1.004278013723878E+00 -5.961707697809412E-03 -2.337715817202011E-03 -8.168414114070941E-03 2.542724992703802E-03 1.326995543798317E-03 1.320548051913724E+00 3.570301335371841E-01 2.753626934127018E+01 4.061296471753522E-01 9.859020914995105E+01 4.544381655073040E+01 8.424242532566005E+01 6.499260462647238E-01 205.462647633 -11.080706517 205.436144772 -11.055320249 18.384 152.9007 24.2619 24.2568
2450893.8573113149 -1.110752411661189E+00 -5.696505617705488E-02 -2.559432545395371E-02 -1.004279837987361E+00 -6.333036340940324E-03 -2.496469704640128E-03 -8.168467919981406E-03 2.542543404847036E-03 1.326919233600305E-03 1.320539677046288E+00 3.570249373743645E-01 2.753626988298722E+01 4.061297053555363E-01 9.858994394756795E+01 4.545955642791320E+01 8.426245199553351E+01 6.499322290245519E-01 205.429102466 -11.082766260 205.405747734 -11.057903850 18.384 152.9536 24.2123 24.2072
2450893.8798213149 -1.110859429772523E+00 -5.730257897251045E-02 -2.576990043544373E-02 -1.004280755657663E+00 -6.694678871446158E-03 -2.651168375108312E-03 -8.168520346941073E-03 2.542366452821757E-03 1.326844871443134E-03 1.320531518081007E+00 3.570198766296199E-01 2.753627040914472E+01 4.061297622530757E-01 9.858968510449344E+01 4.547489462720741E+01 8.428196305898108E+01 6.499382524885242E-01 205.396394043 -11.084697105 205.375932638 -11.060027218 18.384 153.0052 24.1640 24.1589
2450893.9651513151 -1.111263995899502E+00 -5.858198591990125E-02 -2.643543541917188E-02 -1.004277303819407E+00 -8.062147408234629E-03 -3.237589359605761E-03 -8.168719042930834E-03 2.541695651158029E-03 1.326562973345647E-03 1.320500607335227E+00 3.570007167885322E-01 2.753627238832674E+01 4.061299797257644E-01 9.858870018751671E+01 4.553304106157748E+01 8.435588805700711E+01 6.499610735991909E-01 205.273106970 -11.091335739 205.264719217 -11.064503625 18.386 153.2003 23.9812 23.9760
2450893.9713313151 -1.111293228058800E+00 -5.867464281688180E-02 -2.648363488155908E-02 -1.004276687112598E+00 -8.160899248883927E-03 -3.280060435820388E-03 -8.168733430847036E-03 2.541647067373656E-03 1.326542556403946E-03 1.320498369736516E+00 3.569993306319135E-01 2.753627253072970E+01 4.061299955841890E-01 9.858862862791001E+01 4.553725248431979E+01 8.436123979524028E+01 6.499627256489510E-01 205.264266960 -11.091776783 205.257004303 -11.064545763 18.386 153.2144 23.9680 23.9629
2450894.0000213152 -1.111428814299085E+00 -5.910478597912198E-02 -2.670739275489909E-02 -1.004273314878548E+00 -8.618723810190283E-03 -3.477227407005844E-03 -8.168800220666871E-03 2.541421520190220E-03 1.326447771916730E-03 1.320487983872642E+00 3.569928981806288E-01 2.753627319016907E+01 4.061300693929520E-01 9.858829601867926E+01 4.555680389694840E+01 8.438608068462962E+01 6.499703937660576E-01 205.223464355 -11.093761364 205.222508135 -11.063903966 18.387 153.2794 23.9071 23.9019
2450894.0164413149 -1.111506324114016E+00 -5.935096259092605E-02 -2.683545266846486E-02 -1.004271058827031E+00 -8.880263034071205E-03 -3.590070564176035E-03 -8.168838442758182E-03 2.541292432397006E-03 1.326393523671892E-03 1.320482041231152E+00 3.569892186801347E-01 2.753627356636278E+01 4.061301117734396E-01 9.858810536129387E+01 4.556799389680746E+01 8.440029478720416E+01 6.499747814198696E-01 205.200308643 -11.094853916 205.204220050 -11.062644908 18.387 153.3164 23.8724 23.8672
2450894.5934413150 -1.114188721911582E+00 -6.799920399850963E-02 -3.133437816807640E-02 -1.004280817731262E+00 -1.801094213245173E-02 -7.550687442093199E-03 -8.170180006434203E-03 2.536755565491383E-03 1.324486898878876E-03 1.320273887978928E+00 3.568608237392025E-01 2.753628623779409E+01 4.061316590043808E-01 9.858126980085110E+01 4.596132136153141E+01 8.489841632140086E+01 6.501284991806008E-01 204.453007350 -11.141580485 204.437317290 -11.111726489 18.399 154.5464 22.7204 22.7152
2450894.7562813149 -1.114931252976956E+00 -7.043899802759133E-02 -3.260364309010479E-02 -1.004268539567055E+00 -2.056346874028428E-02 -8.673059579449371E-03 -8.170558070203173E-03 2.535474926773154E-03 1.323948695170759E-03 1.320215380866970E+00 3.568249064532561E-01 2.753628962766858E+01 4.061321137074743E-01 9.857929347232651E+01 4.607236377621960E+01 8.503851709599272E+01 6.501717166315409E-01 204.257045193 -11.150939152 204.219890138 -11.120582866 18.403 154.8795 22.4086 22.4034
2450894.7765013152 -1.115023009847855E+00 -7.074192058830127E-02 -3.276123546446324E-02 -1.004266419818628E+00 -2.088836524140300E-02 -8.811992253943633E-03 -8.170604997841906E-03 2.535315900870462E-03 1.323881862221855E-03 1.320208123318755E+00 3.568204563548575E-01 2.753629004306899E+01 4.061321706535446E-01 9.857904663746125E+01 4.608615317665642E+01 8.505589889142034E+01 6.501770778988102E-01 204.229396556 -11.152556880 204.196560861 -11.124065758 18.403 154.9241 22.3671 22.3619
2450894.7967413152 -1.115114759338090E+00 -7.104513626876834E-02 -3.291898068952846E-02 -1.004263605453700E+00 -2.121365886524650E-02 -8.951061217189887E-03 -8.170651968157047E-03 2.535156715956279E-03 1.323814962354142E-03 1.320200860217387E+00 3.568160040204925E-01 2.753629045766966E+01 4.061322277593675E-01 9.857879924265571E+01 4.609995647105181E+01 8.507329463974145E+01 6.501824433420481E-01 204.201605198 -11.154125257 204.172320521 -11.126895139 18.404 154.9688 22.3255 22.3203
2450894.8167513148 -1.115205369721660E+00 -7.134489989025658E-02 -3.307493036414477E-02 -1.004260136765801E+00 -2.153525877638832E-02 -9.088548716149657E-03 -8.170698401039244E-03 2.534999338274815E-03 1.323748821912883E-03 1.320193681250511E+00 3.568116044110040E-01 2.753629086637163E+01 4.061322843168523E-01 9.857855434888617E+01 4.611360315994872E+01 8.509048952349170E+01 6.501877467054511E-01 204.174046553 -11.155622692 204.147803681 -11.129216659 18.404 155.0131 22.2842 22.2790
2450894.8368013152 -1.115296065026520E+00 -7.164525632049416E-02 -3.323118879391925E-02 -1.004255980590899E+00 -2.185743298896237E-02 -9.226309908351091E-03 -8.170744923073583E-03 2.534841644305342E-03 1.323682548456415E-03 1.320186489528113E+00 3.568071981310595E-01 2.753629127470983E+01 4.061323410866026E-01 9.857830865645447E+01 4.612727737824553E+01 8.510771560426025E+01 6.501930595641108E-01 204.146381882 -11.157067906 204.122904880 -11.131162669 18.404 155.0575 22.2429 22.2376
2450894.9014513148 -1.115587850830928E+00 -7.261369316372464E-02 -3.373501399514852E-02 -1.004240282513222E+00 -2.289310283827023E-02 -9.671541719131808E-03 -8.170894905518334E-03 2.534333158244769E-03 1.323468848300662E-03 1.320163311142597E+00 3.567930048362066E-01 2.753629258336009E+01 4.061325248004059E-01 9.857751433251167E+01 4.617137075651447E+01 8.516323840576511E+01 6.502101830041609E-01 204.058441814 -11.160976118 204.041738471 -11.136097266 18.405 155.1997 22.1103 22.1051
2450894.9094613153 -1.115623932818891E+00 -7.273367574863032E-02 -3.379743468525480E-02 -1.004237727209370E+00 -2.302155415531563E-02 -9.726575645617016E-03 -8.170913485371177E-03 2.534270156662927E-03 1.323442370719134E-03 1.320160440546378E+00 3.567912478563270E-01 2.753629274465128E+01 4.061325476314306E-01 9.857741569418040E+01 4.617683401434560E+01 8.517011526570661E+01 6.502123037599229E-01 204.047408636 -11.161475904 204.031762532 -11.136464388 18.406 155.2175 22.0938 22.0886
2450894.9177413150 -1.115661214915901E+00 -7.285770159826638E-02 -3.386195893429055E-02 -1.004234987228488E+00 -2.315427829314273E-02 -9.783464446444391E-03 -8.170932690896021E-03 2.534205031145727E-03 1.323415000499266E-03 1.320157473457146E+00 3.567894320094616E-01 2.753629291118348E+01 4.061325712478460E-01 9.857731367930255E+01 4.618248146809215E+01 8.517722339650477E+01 6.502144958154703E-01 204.036017817 -11.161982953 204.021492768 -11.136791082 18.406 155.2358 22.0767 22.0715
2450894.9800813152 -1.115941384650428E+00 -7.379145439109371E-02 -3.434774424535921E-02 -1.004211490271723E+00 -2.415131058544482E-02 -1.021177264756714E-02 -8.171077268901452E-03 2.533714692828039E-03 1.323208926130810E-03 1.320135143049258E+00 3.567757721743233E-01 2.753629415863570E+01 4.061327495636700E-01 9.857654392654503E+01 4.622500242457296E+01 8.523072302742123E+01 6.502309936903847E-01 203.950955049 -11.165502959 203.946943264 -11.137024963 18.407 155.3732 21.9487 21.9435
2450894.9831513152 -1.115955157894516E+00 -7.383743639649967E-02 -3.437166649195574E-02 -1.004223144718315E+00 -2.414711226314439E-02 -1.027747454947633E-02 -8.171084387882738E-03 2.533690545170750E-03 1.323198777578004E-03 1.320134043764397E+00 3.567751000125686E-01 2.753629421977840E+01 4.061327583678729E-01 9.857650594252073E+01 4.622709647641823E+01 8.523335688125032E+01 6.502318058684052E-01 203.972040223 -11.144671760 203.928203733 -11.149537032 18.407 155.3640 21.9566 21.9514
2450894.9847213151 -1.115962200669994E+00 -7.386095156535089E-02 -3.438390031710283E-02 -1.004223016568474E+00 -2.417228813453132E-02 -1.028826119838151E-02 -8.171088028501351E-03 2.533678196027011E-03 1.323193587593914E-03 1.320133481603819E+00 3.567747562878292E-01 2.753629425103637E+01 4.061327628711680E-01 9.857648651468214E+01 4.622816737832680E+01 8.523470380730181E+01 6.502322212067769E-01 203.969963845 -11.144802116 203.926583603 -11.149443635 18.407 155.3674 21.9535 21.9483
2450894.9863113151 -1.115969332560810E+00 -7.388476624615919E-02 -3.439628996628167E-02 -1.004222883055878E+00 -2.419778677922652E-02 -1.029918524765612E-02 -8.171091715473873E-03 2.533665689560279E-03 1.323188331491003E-03 1.320132912292171E+00 3.567744081978518E-01 2.753629428268529E+01 4.061327674323907E-01 9.857646683744471E+01 4.622925192346081E+01 8.523606787133645E+01 6.502326418289888E-01 203.967859722 -11.144933922 203.924930048 -11.149356041 18.407 155.3708 21.9503 21.9451
2450894.9881413151 -1.115977540215710E+00 -7.391217554573924E-02 -3.441054972788597E-02 -1.004208133972412E+00 -2.427988537882372E-02 -1.026714815965005E-02 -8.171095958942215E-03 2.533651295310958E-03 1.323182282007469E-03 1.320132257059049E+00 3.567740075824862E-01 2.753629431910244E+01 4.061327726828035E-01 9.857644418766610E+01 4.623050017566388E+01 8.523763780740379E+01 6.502331259327765E-01 203.940075517 -11.165922439 203.937925086 -11.136643620 18.407 155.3908 21.9322 21.9270
2450895.0052413149 -1.116054195999666E+00 -7.416829255487305E-02 -3.454379542975776E-02 -1.004200820115993E+00 -2.455238662598941E-02 -1.038463151635409E-02 -8.171135609544753E-03 2.533516790988843E-03 1.323125753723945E-03 1.320126135034039E+00 3.567702649842251E-01 2.753629465892939E+01 4.061328217801628E-01 9.857623241871660E+01 4.624216427116410E+01 8.525230642437083E+01 6.502376490779160E-01 203.917105084 -11.166788349 203.919649154 -11.135309074 18.407 155.4281 21.8974 21.8922
2450895.0079513150 -1.116066337955327E+00 -7.420888141436618E-02 -3.456491193850563E-02 -1.004220682452368E+00 -2.454501559884346E-02 -1.044786146166657E-02 -8.171141893108455E-03 2.533495474693862E-03 1.323116795094506E-03 1.320125164925392E+00 3.567696720011043E-01 2.753629471270805E+01 4.061328295670566E-01 9.857619883720169E+01 4.624401280805784E+01 8.525463088808422E+01 6.502383658295908E-01 203.939098031 -11.146705316 203.901371851 -11.148727360 18.408 155.4176 21.9068 21.9016
2450895.0097813150 -1.116074536142700E+00 -7.423629005875360E-02 -3.457917139376398E-02 -1.004220462764355E+00 -2.457439409679005E-02 -1.046043428947475E-02 -8.171146136214995E-03 2.533481080277925E-03 1.323110745532026E-03 1.320124509850137E+00 3.567692715953798E-01 2.753629474901165E+01 4.061328348262826E-01 9.857617615721851E+01 4.624526108460045E+01 8.525620051161083E+01 6.502388498238423E-01 203.936655607 -11.146853076 203.899305418 -11.148712933 18.408 155.4216 21.9031 21.8979
2450895.0158113153 -1.116101544177431E+00 -7.432660339561685E-02 -3.462615728383957E-02 -1.004196182424053E+00 -2.472063006437586E-02 -1.045725088890123E-02 -8.171160117382332E-03 2.533433649397823E-03 1.323090811680542E-03 1.320122351417974E+00 3.567679523511561E-01 2.753629486856714E+01 4.061328521610974E-01 9.857610140675199E+01 4.624937427268029E+01 8.526137236278743E+01 6.502404445590036E-01 203.902987474 -11.167308233 203.909143859 -11.134002715 18.408 155.4511 21.8760 21.8708
2450895.2045513149 -1.116942509871361E+00 -7.715311742721366E-02 -3.609667899589700E-02 -1.004170658767583E+00 -2.769259623662981E-02 -1.175296351420284E-02 -8.171597562300447E-03 2.531948977567874E-03 1.322466842140996E-03 1.320054865515014E+00 3.567267571194656E-01 2.753629855854059E+01 4.061333986470008E-01 9.857374774120285E+01 4.637812898791824E+01 8.542310722689474E+01 6.502903091050185E-01 203.677714582 -11.180672061 203.658878362 -11.155071675 18.412 155.8337 21.5192 21.5140
2450895.5108013148 -1.118288993577984E+00 -8.173811715033591E-02 -3.848213598792860E-02 -1.004065183222083E+00 -3.253824630828389E-02 -1.384769334508769E-02 -8.172306668885559E-03 2.529539625327661E-03 1.321454235964964E-03 1.319945666259396E+00 3.566603152323100E-01 2.753630433581634E+01 4.061342998804717E-01 9.856987158172865E+01 4.658709264665125E+01 8.568494206570757E+01 6.503710086612688E-01 203.299044189 -11.201954217 203.277472423 -11.162623616 18.419 156.4663 20.9302 20.9249
2450895.6022013151 -1.118686527746661E+00 -8.310618134265688E-02 -3.919392020269859E-02 -1.004021553834842E+00 -3.399941738177392E-02 -1.447597270136696E-02 -8.172518134918896E-03 2.528820479683064E-03 1.321151988229301E-03 1.319913148887406E+00 3.566405820669195E-01 2.753630601101511E+01 4.061345718998890E-01 9.856870119260174E+01 4.664946852634763E+01 8.576294368719596E+01 6.503950426133781E-01 203.179593458 -11.206588934 203.172338026 -11.164130342 18.420 156.6621 20.7484 20.7431
2450895.9946513153 -1.120370931145803E+00 -8.897855851977889E-02 -4.224931584315707E-02 -1.003856028644501E+00 -4.017589687376636E-02 -1.722507408541491E-02 -8.173425251981496E-03 2.525732234866070E-03 1.319854016697291E-03 1.319773910304789E+00 3.565563562636226E-01 2.753631295696080E+01 4.061357529608470E-01 9.856360596176596E+01 4.691735183519337E+01 8.609712076843550E+01 6.504979721436065E-01 202.722436529 -11.203192490 202.683322317 -11.205887104 18.429 157.4576 20.0098 20.0045
2450896.0517713153 -1.120613052981986E+00 -8.983302091435257E-02 -4.269390334745669E-02 -1.003827991221655E+00 -4.108419658996058E-02 -1.761718628695779E-02 -8.173557162903246E-03 2.525282694784183E-03 1.319665074649022E-03 1.319753696516114E+00 3.565441655875853E-01 2.753631393534947E+01 4.061359263794505E-01 9.856285500603663E+01 4.695634899789454E+01 8.614565897067696E+01 6.505129170673359E-01 202.652694832 -11.206333939 202.617213643 -11.207403268 18.430 157.5748 19.9013 19.8960
2450896.0556013151 -1.120629260120734E+00 -8.989031189111871E-02 -4.272371266161331E-02 -1.003826296879621E+00 -4.114566630366690E-02 -1.764348362246264E-02 -8.173566006703230E-03 2.525252551804200E-03 1.319652405504163E-03 1.319752341618542E+00 3.565433488002578E-01 2.753631400066226E+01 4.061359380194514E-01 9.856280456867331E+01 4.695896389639372E+01 8.614891263519260E+01 6.505139188218736E-01 202.647827042 -11.206576615 202.613036719 -11.207370495 18.430 157.5828 19.8938 19.8886
2450896.0603913153 -1.120649524746669E+00 -8.996196259929061E-02 -4.276099356699416E-02 -1.003824144042148E+00 -4.122255475183041E-02 -1.767637234439607E-02 -8.173577067036494E-03 2.525214853317444E-03 1.319636560762441E-03 1.319750647196258E+00 3.565423273927137E-01 2.753631408229474E+01 4.061359525791211E-01 9.856274147414219E+01 4.696223423785120E+01 8.615298167806132E+01 6.505151716103864E-01 202.641730858 -11.206877973 202.607767580 -11.207351698 18.430 157.5928 19.8845 19.8793
2450896.4828213151 -1.122415387314663E+00 -9.627902859704446E-02 -4.604793208738418E-02 -1.003565075006829E+00 -4.792941585934831E-02 -2.052240751542609E-02 -8.174551651915536E-03 2.521889838499706E-03 1.318239030288936E-03 1.319601583437140E+00 3.564527287555984E-01 2.753632106235287E+01 4.061372443809968E-01 9.855711247502553E+01 4.725069730100179E+01 8.651112785924172E+01 6.506253991704564E-01 202.132884817 -11.249533142 202.108022114 -11.210654617 18.439 158.4405 19.0997 19.0944
2450897.8567113155 -1.127869702332003E+00 -1.167975170581511E-01 -5.672529687185032E-02 -1.002379653230429E+00 -6.967691146960528E-02 -2.995413908535395E-02 -8.177710037313322E-03 2.511070407123546E-03 1.313691248683042E-03 1.319121844209110E+00 3.561678810095015E-01 2.753634100263718E+01 4.061414877375219E-01 9.853794805109548E+01 4.818956188946463E+01 8.766640067178176E+01 6.509803613432282E-01 200.576532863 -11.292417403 200.558390846 -11.266684396 18.468 161.1277 16.6259 16.6206
2450897.8769713151 -1.127946851398037E+00 -1.170997612869415E-01 -5.688258991349214E-02 -1.002355784128981E+00 -7.000120599234866E-02 -3.009298710485963E-02 -8.177756482715738E-03 2.510910797531881E-03 1.313624155912951E-03 1.319114828251916E+00 3.561637555918157E-01 2.753634126762711E+01 4.061415501335442E-01 9.853765595355331E+01 4.820341432566180E+01 8.768332836637249E+01 6.509855548900574E-01 200.552544622 -11.292870069 200.537057979 -11.266884851 18.469 161.1682 16.5889 16.5835
2450897.8972313153 -1.128023905586134E+00 -1.174019953710721E-01 -5.703987801848033E-02 -1.002331300265762E+00 -7.032519105459159E-02 -3.023183132244378E-02 -8.177802924346604E-03 2.510751186148690E-03 1.313557062291947E-03 1.319107814004730E+00 3.561596323555604E-01 2.753634153182640E+01 4.061416125112789E-01 9.853736358728611E+01 4.821726697458809E+01 8.770025292594111E+01 6.509907472400890E-01 200.528629243 -11.293271228 200.515961004 -11.266749815 18.469 161.2086 16.5519 16.5465
2450897.9173713154 -1.128100409371970E+00 -1.177024292602180E-01 -5.719622960897455E-02 -1.002306393961295E+00 -7.064689082165314E-02 -3.036984939188373E-02 -8.177849087167576E-03 2.510592518360028E-03 1.313490365219663E-03 1.319100842998335E+00 3.561555357033674E-01 2.753634179367938E+01 4.061416745009185E-01 9.853707268666858E+01 4.823103778456122E+01 8.771707413449133E+01 6.509959076491831E-01 200.504957981 -11.293620569 200.495393211 -11.266227433 18.469 161.2487 16.5153 16.5099
2450899.4864713154 -1.133774509102301E+00 -1.410764815272353E-01 -6.936156936386527E-02 -1.000233392281630E+00 -9.540329268178017E-02 -4.110173686253708E-02 -8.181434142724965E-03 2.498225278200529E-03 1.308291411615771E-03 1.318562962557059E+00 3.558429885948234E-01 2.753635996658181E+01 4.061464105603436E-01 9.851361763275359E+01 4.930453801552454E+01 8.901814368005819E+01 6.513942887089207E-01 198.877130511 -11.320709530 198.855687764 -11.282506905 18.503 164.1341 13.8835 13.8781
2450900.8283813153 -1.138183858377571E+00 -1.610101234760382E-01 -7.973789548065835E-02 -9.978838879671492E-01 -1.165396175656070E-01 -5.027120244258407E-02 -8.184482085060878E-03 2.487639987025799E-03 1.303841073358030E-03 1.318111230590005E+00 3.555860425891046E-01 2.753637244743304E+01 4.061502303075830E-01 9.849238738212782E+01 5.022351872768206E+01 9.011617241182597E+01 6.517291779348430E-01 197.582461376 -11.319462950 197.563055826 -11.293775712 18.531 166.4659 11.7766 11.7713
2450900.8494013152 -1.138249715636101E+00 -1.613219221322244E-01 -7.990021176516043E-02 -9.978410754171854E-01 -1.168745552020001E-01 -5.041449705802371E-02 -8.184529696011777E-03 2.487474111928588E-03 1.303771331433827E-03 1.318104215698688E+00 3.555820933570539E-01 2.753637262331739E+01 4.061502879595529E-01 9.849204672675873E+01 5.023792011597229E+01 9.013326591481496E+01 6.517343806517979E-01 197.561105033 -11.319342570 197.544411577 -11.293546706 18.532 166.5028 11.7434 11.7380
2450900.8703313153 -1.138315193037936E+00 -1.616323715824494E-01 -8.006182603125023E-02 -9.977977541583827E-01 -1.172077877714107E-01 -5.055717123640464E-02 -8.184577099032371E-03 2.487308945064106E-03 1.303701887172942E-03 1.318097232722893E+00 3.555781633474797E-01 2.753637279788405E+01 4.061503452922964E-01 9.849170728869031E+01 5.025226002800024E+01 9.015028298982463E+01 6.517395597667971E-01 197.539893518 -11.319173101 197.526006317 -11.292983773 18.532 166.5396 11.7104 11.7050
2450900.8912813156 -1.138380635226826E+00 -1.619431034954525E-01 -8.022358769374308E-02 -9.977537384702407E-01 -1.175409962086331E-01 -5.069997484503414E-02 -8.184624543277386E-03 2.487143618379281E-03 1.303632375603740E-03 1.318090244953487E+00 3.555742318938548E-01 2.753637297205488E+01 4.061504026072791E-01 9.849136728548379E+01 5.026661382789253E+01 9.016731308943096E+01 6.517447425057746E-01 197.518746349 -11.318955139 197.507910942 -11.292043173 18.533 166.5763 11.6774 11.6720
2450900.9121113154 -1.138445605600992E+00 -1.622520414454942E-01 -8.038441579866704E-02 -9.977093742238513E-01 -1.178718908865223E-01 -5.084195361652329E-02 -8.184671711723438E-03 2.486979236704250E-03 1.303563261252563E-03 1.318083299073619E+00 3.555703252516790E-01 2.753637314467156E+01 4.061504595217863E-01 9.849102899126855E+01 5.028088559364330E+01 9.018424243256955E+01 6.517498942438932E-01 197.497834039 -11.318692484 197.490456296 -11.290648697 18.533 166.6128 11.6447 11.6393
2450901.2282413156 -1.139419788151735E+00 -1.669389479537233E-01 -8.282438617943767E-02 -9.970695879452394E-01 -1.228387828763646E-01 -5.299503911285557E-02 -8.185387076697448E-03 2.484484228862337E-03 1.302514220410722E-03 1.317978112112586E+00 3.555113158687364E-01 2.753637569737296E+01 4.061513143125969E-01 9.848586583324425E+01 5.049750568122255E+01 9.044078116661342E+01 6.518279193923289E-01 197.208534614 -11.316914734 197.200006577 -11.288348464 18.540 167.1367 11.1740 11.1686
2450901.7876013154 -1.141089223017218E+00 -1.752237682703409E-01 -8.713759998034641E-02 -9.958739567442463E-01 -1.315984292933922E-01 -5.680301652065955E-02 -8.186650564375904E-03 2.480068450774095E-03 1.300657517169939E-03 1.317793046138253E+00 3.554081919432716E-01 2.753637991784136E+01 4.061527839215466E-01 9.847659939700834E+01 5.088089299960799E+01 9.089290341129015E+01 6.519652346610304E-01 196.716735146 -11.311251527 196.692718985 -11.285131243 18.552 168.0351 10.3689 10.3636
2450901.8078913153 -1.141148480583970E+00 -1.755240877302211E-01 -8.729395589822667E-02 -9.958279367541029E-01 -1.319212500639567E-01 -5.694101441444160E-02 -8.186696340833537E-03 2.479908247764264E-03 1.300590155045870E-03 1.317786358430445E+00 3.554044821307899E-01 2.753638006409459E+01 4.061528361656981E-01 9.847626018887028E+01 5.089480218640727E+01 9.090926050640351E+01 6.519701977096625E-01 196.697157379 -11.311062262 196.675848722 -11.285299776 18.552 168.0688 10.3388 10.3335
2450901.8280713153 -1.141207326925690E+00 -1.758227649077482E-01 -8.744945711450872E-02 -9.957814810176397E-01 -1.322422001542254E-01 -5.707825690195192E-02 -8.186741865311598E-03 2.479748911408045E-03 1.300523157225574E-03 1.317779708737849E+00 3.554007945712058E-01 2.753638020909255E+01 4.061528880512622E-01 9.847592260847307E+01 5.090863612725378E+01 9.092552594472218E+01 6.519751326090666E-01 196.677683871 -11.310829451 196.658976175 -11.285159630 18.552 168.1023 10.3088 10.3035
2450901.8484613155 -1.141266694538291E+00 -1.761245358876853E-01 -8.760656939385467E-02 -9.957338658603470E-01 -1.325662959821624E-01 -5.721692020504456E-02 -8.186787859676085E-03 2.479587915048724E-03 1.300455461298494E-03 1.317772991627840E+00 3.553970708056134E-01 2.753638035513227E+01 4.061529404002930E-01 9.847558130142110E+01 5.092261419152480E+01 9.094195763009823E+01 6.519801176037858E-01 196.658034049 -11.310548914 196.641968434 -11.284715067 18.553 168.1362 10.2786 10.2733
2450901.8686913154 -1.141325505814928E+00 -1.764239246098833E-01 -8.776244171341330E-02 -9.956859797474069E-01 -1.328875870706896E-01 -5.735448807289664E-02 -8.186833489290847E-03 2.479428180146460E-03 1.300388295682977E-03 1.317766328996805E+00 3.553933784137164E-01 2.753638049956326E+01 4.061529922624463E-01 9.847524246061327E+01 5.093648273157289E+01 9.095825738040548E+01 6.519850622305693E-01 196.638592463 -11.310226111 196.625270920 -11.283957178 18.553 168.1698 10.2486 10.2433
2450902.0873813154 -1.141955519699077E+00 -1.796594593080374E-01 -8.944699573656860E-02 -9.951901322473230E-01 -1.363036284495571E-01 -5.888680638259003E-02 -8.187326510010438E-03 2.477701296956446E-03 1.299662165934993E-03 1.317694417330843E+00 3.553535998341782E-01 2.753638203179555E+01 4.061535480257226E-01 9.847156612591510E+01 5.108641436744515E+01 9.113427035069363E+01 6.520384349675215E-01 196.453106337 -11.291007336 196.432002056 -11.288586411 18.557 168.5224 9.9340 9.9287
2450902.0895513156 -1.141961718491040E+00 -1.796915562063050E-01 -8.946370690674534E-02 -9.951849997433302E-01 -1.363381382286579E-01 -5.890155390427262E-02 -8.187331399881015E-03 2.477684160476563E-03 1.299654960226830E-03 1.317693704804575E+00 3.553532063770834E-01 2.753638204673541E+01 4.061535534953721E-01 9.847152952435952E+01 5.108790219019129E+01 9.113601513445860E+01 6.520389638399452E-01 196.451038114 -11.290982104 196.430152401 -11.288547018 18.558 168.5259 9.9308 9.9255
2450902.5443413155 -1.143238094607393E+00 -1.864147427552152E-01 -9.296419898237129E-02 -9.940822667854105E-01 -1.434740088118191E-01 -6.193642039105921E-02 -8.188355251142004E-03 2.474092208510976E-03 1.298144555114044E-03 1.317544821565540E+00 3.552712886760269E-01 2.753638506666086E+01 4.061546799458705E-01 9.846380628180982E+01 5.139976061907988E+01 9.150093386568734E+01 6.521494880669725E-01 196.056139812 -11.302545476 196.046048917 -11.262135920 18.568 169.2152 9.3159 9.3107
2450904.7415113156 -1.148773093421922E+00 -2.187859828066753E-01 -1.098208600936975E-01 -9.879770971150684E-01 -1.777352637193655E-01 -7.680844804293033E-02 -8.193274311610347E-03 2.456725362795095E-03 1.290841064639000E-03 1.316838154931934E+00 3.548906684038386E-01 2.753639686868630E+01 4.061595350970824E-01 9.842511182755966E+01 5.290743891710140E+01 9.324299900983878E+01 6.526745117047358E-01 194.316911533 -11.248637986 194.288503847 -11.221471026 18.620 172.2027 6.6714 6.6669
2450904.7615513154 -1.148818816286870E+00 -2.190803551561951E-01 -1.099741655483528E-01 -9.879153451559718E-01 -1.780512651981608E-01 -7.694352424948178E-02 -8.193318968019931E-03 2.456566859115782E-03 1.290774401070317E-03 1.316831805972077E+00 3.548873114847081E-01 2.753639695736101E+01 4.061595747339002E-01 9.842474898979980E+01 5.292119752629335E+01 9.325873026135628E+01 6.526792319080873E-01 194.300506583 -11.248165286 194.275155768 -11.221837114 18.621 172.2270 6.6501 6.6456
2450904.7815713156 -1.148864408400313E+00 -2.193744171923597E-01 -1.101273097013423E-01 -9.878529752050690E-01 -1.783669619873338E-01 -7.707845603787641E-02 -8.193363576066771E-03 2.456408511737891E-03 1.290707803127255E-03 1.316825465090992E+00 3.548839599722205E-01 2.753639704563603E+01 4.061596142454414E-01 9.842438634451138E+01 5.293494252911745E+01 9.327444299094853E+01 6.526839461619743E-01 194.284077795 -11.247655585 194.261494368 -11.221838648 18.621 172.2512 6.6288 6.6243
2450904.8018413153 -1.148910483188994E+00 -2.196721344740573E-01 -1.102823577756797E-01 -9.877891347508573E-01 -1.786865391817711E-01 -7.721506297749647E-02 -8.193408737290391E-03 2.456248185079459E-03 1.290640372622033E-03 1.316819046802850E+00 3.548805687015553E-01 2.753639713469731E+01 4.061596541630620E-01 9.842401899821012E+01 5.294885929888635E+01 9.329034905953539E+01 6.526887180234693E-01 194.267427475 -11.247100270 194.247490543 -11.221522268 18.622 172.2756 6.6073 6.6029
2450904.8219213155 -1.148956040149033E+00 -2.199670443848992E-01 -1.104359441090245E-01 -9.877252160127572E-01 -1.790029878960178E-01 -7.735037969173336E-02 -8.193453471362284E-03 2.456089359329161E-03 1.290573573258778E-03 1.316812690436648E+00 3.548772112955726E-01 2.753639722261094E+01 4.061596936198368E-01 9.842365492432648E+01 5.296264574612064E+01 9.330610318376240E+01 6.526934439046186E-01 194.250941877 -11.246510742 194.233581981 -11.220915965 18.622 172.2997 6.5861 6.5816
2450906.1604513153 -1.151801079226516E+00 -2.395872595842239E-01 -1.206546573681025E-01 -9.832763580536689E-01 -1.997579144080464E-01 -8.634818859270700E-02 -8.196426807401206E-03 2.445497767775690E-03 1.286118676983862E-03 1.316392928859876E+00 3.546580489150743E-01 2.753640241859937E+01 4.061621277063494E-01 9.839901490494786E+01 5.388191805943282E+01 9.434990982295962E+01 6.530056578296807E-01 193.292707495 -11.203723653 193.276792947 -11.178181690 18.667 173.6244 5.4209 5.4175
2451791.0969928540 1.269959656234051E+00 -3.891150967442379E-01 -2.070738848264978E-01 9.502364255477393E-01 -2.995842370335561E-01 -1.297160815314531E-01 -5.558499215605172E-03 -4.077882205204516E-03 -1.577181880417687E-03 1.289084972810841E+00 3.606156473811407E-01 2.754010759550749E+01 3.608829033312891E-01 9.790522195839364E+01 2.836966223358041E+02 2.426343813888593E+02 6.738650568155551E-01 344.352196727 -13.117227192 344.362870331 -13.118477038 20.345 173.9911 4.4914 4.4922
2451791.0989318541 1.269958741230502E+00 -3.890901377874286E-01 -2.070608670545403E-01 9.502466394882094E-01 -2.995549138779149E-01 -1.297035566407658E-01 -5.558484991154781E-03 -4.077891406164076E-03 -1.577186193104724E-03 1.289084635838243E+00 3.606155746254980E-01 2.754010803167012E+01 3.608825700279136E-01 9.790525824883082E+01 2.836978778930238E+02 2.426354660867630E+02 6.738653210426674E-01 344.350953634 -13.117510298 344.361819353 -13.118765111 20.345 173.9908 4.4916 4.4924
2452018.0233928887 -1.122900517109468E+00 -6.670485407967066E-01 -3.431117228790334E-01 -8.861121927837140E-01 -4.449262917706873E-01 -1.927173024850003E-01 -3.743844741469151E-03 -4.893021162480202E-03 -1.974210335729448E-03 1.309192245336628E+00 3.573269561023171E-01 2.753311221744179E+01 4.513365004301259E-01 9.775949053502330E+01 7.466002232730251E+01 1.155834206121607E+02 6.584004499231823E-01 223.165376933 -24.853896416 223.192187541 -24.841636365 20.904 158.9447 15.5701 15.5651
2452018.0261028889 -1.122891709417273E+00 -6.670826761653592E-01 -3.431295533237763E-01 -8.860900769147472E-01 -4.449643998348365E-01 -1.927336743618697E-01 -3.743822074288666E-03 -4.893027498803795E-03 -1.974213650659795E-03 1.309192157261196E+00 3.573267416409900E-01 2.753311163781371E+01 4.513356754039154E-01 9.775949110334463E+01 7.466183349179566E+01 1.155849870684512E+02 6.584005163636633E-01 223.163258734 -24.853637891 223.190539990 -24.841322116 20.904 158.9488 15.5669 15.5620
2452850.1149268625 1.253540105866150E+00 -6.620378842916043E-01 -3.494890551170755E-01 6.000813780768434E-01 -7.567295083581426E-01 -3.281051939816615E-01 2.675949837669873E-03 -3.445218290169725E-03 -1.532142889470270E-03 1.305141816061084E+00 3.566268771703307E-01 2.753401872871022E+01 3.824331913608467E-01 9.686334059336670E+01 2.698259747750973E+02 2.319520423436046E+02 6.614677860806184E-01 8.241550803 -1.856974224 8.287759370 -1.830246441 23.069 119.0769 37.5595 37.5567
2452851.0973748625 1.255999938906629E+00 -6.505691176172683E-01 -3.435188154861603E-01 6.134024142975824E-01 -7.475551652242730E-01 -3.241264026486452E-01 2.681331748887563E-03 -3.440137942657676E-03 -1.530131235087650E-03 1.305148340846925E+00 3.566676601957555E-01 2.753410832988652E+01 3.823169987436937E-01 9.686286177783236E+01 2.704816395061591E+02 2.324392269286856E+02 6.614628258050902E-01 8.579056009 -1.711267235 8.623647154 -1.684573872 23.024 119.6447 37.4442 37.4413
2452852.0846338621 1.258353863300498E+00 -6.389832903600429E-01 -3.374871566418127E-01 6.266190671509730E-01 -7.381292812814008E-01 -3.200389113305826E-01 2.686731757152354E-03 -3.435026788724552E-03 -1.528106944525805E-03 1.305154584302655E+00 3.567090918261823E-01 2.753419921266361E+01 3.822014157199048E-01 9.686249523477045E+01 2.711404164180347E+02 2.329317012277793E+02 6.614580794605028E-01 8.915654020 -1.565024422 8.959135910 -1.538331481 22.979 120.2179 37.3229 37.3200
2452900.1373418523 1.199238073332107E+00 -1.731128783273617E-02 -1.316036314915358E-02 1.003059564517468E+00 -9.512075740725581E-02 -4.131381917394270E-02 2.939307896753848E-03 -3.179617103016260E-03 -1.426438765059071E-03 1.304484233941370E+00 3.590396768748667E-01 2.753978099556049E+01 3.787350446985780E-01 9.706731259975865E+01 3.030085016057149E+02 2.615729027687124E+02 6.619680115980549E-01 21.629650350 7.596040633 21.676771543 7.602598849 19.785 151.4116 23.7045 23.6995
2452900.1435888521 1.199203955187133E+00 -1.722604106843253E-02 -1.311579460862516E-02 1.003068211868269E+00 -9.502160180971909E-02 -4.127143582066022E-02 2.939339420999540E-03 -3.179583119211010E-03 -1.426425176855173E-03 1.304483898903398E+00 3.590399569112794E-01 2.753978187895420E+01 3.787349994224746E-01 9.706738055619269E+01 3.030126075425546E+02 2.615774002349223E+02 6.619682666235500E-01 21.630420797 7.598220907 21.678290663 7.604830880 19.784 151.4163 23.7014 23.6964
2452901.2575428523 1.192990619485140E+00 -2.024016478076391E-03 -5.167431393310052E-03 1.004480673903545E+00 -7.754984356124324E-02 -3.370654009351123E-02 2.944955404173345E-03 -3.173520106542765E-03 -1.424000677808664E-03 1.304422311912721E+00 3.590893184829316E-01 2.753993996828457E+01 3.787293521346173E-01 9.707973192613910E+01 3.037445602843695E+02 2.623835140442328E+02 6.620151484282012E-01 21.828388028 7.997247541 21.892502478 8.000553252 19.677 152.1855 23.2036 23.1984
2452901.8882828522 1.189357719541161E+00 6.583728196914155E-03 -6.664615284194700E-04 1.005141436457028E+00 -6.767166356842037E-02 -2.937106000265411E-02 2.948130540168274E-03 -3.170084404843780E-03 -1.422626581996740E-03 1.304385776426318E+00 3.591167372017042E-01 2.754002996091801E+01 3.787283221914125E-01 9.708693336069047E+01 3.041588170916535E+02 2.628436296893464E+02 6.620429629159760E-01 21.948817091 8.221149859 21.999624514 8.250067914 19.614 152.6131 22.9255 22.9203
2452902.4878228521 1.185826996500642E+00 1.476505383498593E-02 3.611818949342928E-03 1.005643592860536E+00 -5.826405093059341E-02 -2.528273592149742E-02 2.951145444359165E-03 -3.166816827433649E-03 -1.421319581523178E-03 1.304349898159232E+00 3.591424215221153E-01 2.754011580561167E+01 3.787288208728199E-01 9.709391964718208E+01 3.045524551966738E+02 2.632834834987091E+02 6.620702789578066E-01 22.057944580 8.451006017 22.107941814 8.486304876 19.555 153.0181 22.6598 22.6546
2452902.4913328523 1.185806102570090E+00 1.481294843426089E-02 3.636865408687384E-03 1.005646017518914E+00 -5.820837058739684E-02 -2.525883983621267E-02 2.951163085977806E-03 -3.166797692197508E-03 -1.421311927188481E-03 1.304349684756503E+00 3.591425707709965E-01 2.754011630902940E+01 3.787288280695539E-01 9.709396095577557E+01 3.045547593793993E+02 2.632860658348190E+02 6.620704414383264E-01 22.058399378 8.452389240 22.108721951 8.487695145 19.555 153.0206 22.6580 22.6529
2452902.4948528521 1.185785146498101E+00 1.486097944193368E-02 3.661983212360471E-03 1.005648433142026E+00 -5.815253689082883E-02 -2.523487557349459E-02 2.951180777749695E-03 -3.166778502385168E-03 -1.421304251017713E-03 1.304349470706309E+00 3.591427204317696E-01 2.754011681389093E+01 3.787288353370017E-01 9.709400238682825E+01 3.045570701220232E+02 2.632886556121883E+02 6.620706044118800E-01 22.058855541 8.453776098 22.109504716 8.489096314 19.554 153.0232 22.6563 22.6512
2452902.4983628523 1.185764247349517E+00 1.490887396283657E-02 3.687029649901675E-03 1.005650826129331E+00 -5.809686733872824E-02 -2.521097928985864E-02 2.951198419156493E-03 -3.166759367026300E-03 -1.421296596624138E-03 1.304349257224802E+00 3.591428696541126E-01 2.754011731732779E+01 3.787288426338752E-01 9.709404370494373E+01 3.045593742957299E+02 2.632912381166303E+02 6.620707669525129E-01 22.059310566 8.455158712 22.110285994 8.490500450 19.554 153.0257 22.6546 22.6495
2452902.8023828520 1.183944165116557E+00 1.905711315181390E-02 5.856387540384835E-03 1.005878294887726E+00 -5.333341142504994E-02 -2.314976116377504E-02 2.952726034124269E-03 -3.165101718965502E-03 -1.420633497178504E-03 1.304330616501825E+00 3.591557439815799E-01 2.754016095876251E+01 3.787296647802997E-01 9.709764057307729E+01 3.047589349022630E+02 2.635152431118317E+02 6.620849598899052E-01 22.118617063 8.578956472 22.162344451 8.607951836 19.523 153.2239 22.5253 22.5201
2452902.8148728521 1.183868972213782E+00 1.922752711011392E-02 5.945508548521726E-03 1.005886470875813E+00 -5.313440822018184E-02 -2.306470015558339E-02 2.952788775851585E-03 -3.165033608306441E-03 -1.420606250476461E-03 1.304329844322045E+00 3.591562707376501E-01 2.754016275318373E+01 3.787297066126367E-01 9.709778910844051E+01 3.047671327253745E+02 2.635244594389071E+02 6.620855478340091E-01 22.120081766 8.584011928 22.165178975 8.612733161 19.522 153.2331 22.5191 22.5139
2452902.8276628521 1.183791938947202E+00 1.940203363001637E-02 6.036769960743375E-03 1.005894569286776E+00 -5.293064315503021E-02 -2.297759483361779E-02 2.952853023195890E-03 -3.164963860880050E-03 -1.420578348944542E-03 1.304329053072196E+00 3.591568099680593E-01 2.754016459082744E+01 3.787297501101184E-01 9.709794127424952E+01 3.047755273971258E+02 2.635338982466121E+02 6.620861502991244E-01 22.121560916 8.589182978 22.168003943 8.617697451 19.521 153.2426 22.5127 22.5075
2452902.8402028522 1.183716377725028E+00 1.957312850939289E-02 6.126247316511288E-03 1.005902242575503E+00 -5.273089631861743E-02 -2.289219092997787E-02 2.952916013361191E-03 -3.164895475986002E-03 -1.420550992412373E-03 1.304328276774565E+00 3.591573384834352E-01 2.754016639267118E+01 3.787297934062752E-01 9.709809052739737E+01 3.047837579266692E+02 2.635431536508784E+02 6.620867413803678E-01 22.122995876 8.594246998 22.170719322 8.622625292 19.520 153.2519 22.5064 22.5012
2452902.8526528520 1.183641325805421E+00 1.974299480207310E-02 6.215082280790814E-03 1.005909603050233E+00 -5.253263466547006E-02 -2.280739881237112E-02 2.952978550106449E-03 -3.164827581120025E-03 -1.420523831847945E-03 1.304327505544783E+00 3.591578630341026E-01 2.754016818169999E+01 3.787298370274493E-01 9.709823876974706E+01 3.047919293308551E+02 2.635523436988962E+02 6.620873286037683E-01 22.124410655 8.599268683 22.173381692 8.627573055 19.518 153.2612 22.5001 22.4949
2452908.7897028518 1.144034657980179E+00 1.005831752729554E-01 4.850625985960996E-02 1.004597481524279E+00 4.084407594295322E-02 1.767905693598716E-02 2.982647897284125E-03 -3.132362636910609E-03 -1.407529373750373E-03 1.303897907909187E+00 3.593855080100877E-01 2.754103064363193E+01 3.788252660096927E-01 9.717599011122171E+01 3.086822922204702E+02 2.680603078988795E+02 6.624145642438377E-01 23.186567963 11.484703881 23.231199555 11.512558775 18.885 156.9888 19.9876 19.9823
2452908.8020928516 1.143943893648659E+00 1.007513373261737E-01 4.859426362759297E-02 1.004583647732452E+00 4.104160415570480E-02 1.776350123959479E-02 2.982709493556272E-03 -3.132294702493084E-03 -1.407502166761861E-03 1.303896872254886E+00 3.593859295141593E-01 2.754103245176499E+01 3.788256247265925E-01 9.717616750961132E+01 3.086903974303828E+02 2.680699859065197E+02 6.624153534542152E-01 23.187815699 11.492063576 23.233778458 11.519662076 18.884 156.9968 19.9820 19.9767
2452908.8148928517 1.143850089715234E+00 1.009250607803965E-01 4.868517796571461E-02 1.004569083093406E+00 4.124564096106067E-02 1.785073908691886E-02 2.982773126711539E-03 -3.132224519240616E-03 -1.407474059070272E-03 1.303895801674726E+00 3.593863647017993E-01 2.754103431970203E+01 3.788259960204096E-01 9.717635084629299E+01 3.086987707910150E+02 2.680799853916493E+02 6.624161692811544E-01 23.189079398 11.499657711 23.236365222 11.527061096 18.882 157.0051 19.9761 19.9708
2452908.8276328514 1.143756689055114E+00 1.010979665817857E-01 4.877566454255296E-02 1.004554313951182E+00 4.144867520461018E-02 1.793756717231380E-02 2.982836460160171E-03 -3.132154664163252E-03 -1.407446082739519E-03 1.303894735451869E+00 3.593867975823427E-01 2.754103617885288E+01 3.788263662867484E-01 9.717653339217107E+01 3.087071048400167E+02 2.680899392355547E+02 6.624169817893109E-01 23.190318249 11.507206683 23.238884263 11.534480622 18.881 157.0133 19.9703 19.9650
2452908.8402628517 1.143664058957728E+00 1.012693761922852E-01 4.886536825688292E-02 1.004539407887477E+00 4.164989337710953E-02 1.802364473541425E-02 2.982899245367612E-03 -3.132085411435305E-03 -1.407418347575339E-03 1.303893677783641E+00 3.593872264620542E-01 2.754103802192123E+01 3.788267340582399E-01 9.717671442947712E+01 3.087153668711807E+02 2.680998083495239E+02 6.624177877801093E-01 23.191534472 11.514680780 23.241347678 11.541886535 18.880 157.0215 19.9645 19.9592
2452913.9505328513 1.103210279011845E+00 1.702870506944422E-01 8.499584460417069E-02 9.949814319974619E-01 1.217127895243626E-01 5.272743590291478E-02 3.008187281386017E-03 -3.104000193437964E-03 -1.396164713464129E-03 1.303409018829923E+00 3.595369939988854E-01 2.754177307504943E+01 3.790313341211094E-01 9.725560346312592E+01 3.120533007205864E+02 2.721948223108406E+02 6.627872917691758E-01 24.165656981 15.214426268 24.227996136 15.241516081 18.279 159.3231 18.4509 18.4456
2452913.9775028513 1.102980814904584E+00 1.706491358207448E-01 8.518545734303407E-02 9.949051266014697E-01 1.221357395906459E-01 5.290968686044552E-02 3.008320124340922E-03 -3.103851632127465E-03 -1.396105154943301E-03 1.303406141585316E+00 3.595376464441731E-01 2.754177683969413E+01 3.790326909708279E-01 9.725605029803769E+01 3.120708902517387E+02 2.722169876937194E+02 6.627894864061571E-01 24.169130298 15.237907672 24.235519122 15.266453680 18.275 159.3330 18.4445 18.4392
2452914.0042228517 1.102753310246104E+00 1.710078380984998E-01 8.537329925789074E-02 9.948289623530008E-01 1.225537763595985E-01 5.309023654468181E-02 3.008451729459630E-03 -3.103704444455260E-03 -1.396046146798765E-03 1.303403287496375E+00 3.595382912843806E-01 2.754178056745459E+01 3.790340377821412E-01 9.725649331375161E+01 3.120883164562541E+02 2.722389534976355E+02 6.627916633929702E-01 24.172928809 15.261136638 24.244507596 15.291932151 18.272 159.3425 18.4384 18.4332
2452916.8063928513 1.077961808231538E+00 2.084660560820908E-01 1.049928193724665E-01 9.863293210539958E-01 1.660260410718358E-01 7.195088099007738E-02 3.022217668305745E-03 -3.088249698007676E-03 -1.389848521308763E-03 1.303083873520441E+00 3.595969155105066E-01 2.754215668132591E+01 3.791872293145922E-01 9.730476173528984E+01 3.139142753285586E+02 2.745755206848963E+02 6.630353751342714E-01 24.845886976 18.115692271 24.894448820 18.140357822 17.927 159.7071 18.3752 18.3702
2452916.8130028513 1.077901127963117E+00 2.085540110524430E-01 1.050388965385053E-01 9.863061750671673E-01 1.661296767828096E-01 7.199517926361243E-02 3.022250056730505E-03 -3.088213198114238E-03 -1.389833880120212E-03 1.303083071356239E+00 3.595970317967446E-01 2.754215752316127E+01 3.791876124100415E-01 9.730487989565894E+01 3.139185788971512E+02 2.745811107048251E+02 6.630359873707463E-01 24.846763932 18.123423151 24.895996339 18.148012857 17.926 159.7074 18.3755 18.3705
2452916.8196028513 1.077840529094457E+00 2.086418309096873E-01 1.050849029651731E-01 9.862829911039445E-01 1.662331385187220E-01 7.203940956421914E-02 3.022282395761082E-03 -3.088176753236361E-03 -1.389819260980955E-03 1.303082270168945E+00 3.595971477994888E-01 2.754215836345103E+01 3.791879949910583E-01 9.730499789781793E+01 3.139228759384669E+02 2.745866926415954E+02 6.630365988625558E-01 24.847633130 18.131137219 24.897527224 18.155666415 17.925 159.7078 18.3758 18.3707
2452917.8532428513 1.068221415801668E+00 2.223695225905044E-01 1.122769942106761E-01 9.825544961498391E-01 1.821897803914317E-01 7.895369413121679E-02 3.027342209118805E-03 -3.082466537595686E-03 -1.387528486681031E-03 1.302953839890688E+00 3.596139690207459E-01 2.754228626351069E+01 3.792484824489293E-01 9.732373348206555E+01 3.145956312907077E+02 2.754655129898874E+02 6.631346331182078E-01 25.122035070 19.398482905 25.175717406 19.422365150 17.797 159.5895 18.5799 18.5750
2452917.8557228516 1.068198028715357E+00 2.224023955582408E-01 1.122942179965833E-01 9.825449055256650E-01 1.822284666164545E-01 7.897025382573748E-02 3.027354337420428E-03 -3.082452831180862E-03 -1.387522987502649E-03 1.302953524597415E+00 3.596140061165729E-01 2.754228656066434E+01 3.792486283365852E-01 9.732377904811705E+01 3.145972449134854E+02 2.754676326316839E+02 6.631348738196955E-01 25.122395471 19.401679150 25.176323514 19.425571018 17.797 159.5893 18.5804 18.5754
2452917.8584828516 1.068171999410094E+00 2.224389796268241E-01 1.123133862203497E-01 9.825342210463125E-01 1.822715150091597E-01 7.898868299252232E-02 3.027367834982609E-03 -3.082437577232164E-03 -1.387516867431940E-03 1.302953173665669E+00 3.596140473820244E-01 2.754228689130774E+01 3.792487906960544E-01 9.732382976221595E+01 3.145990407169647E+02 2.754699916511314E+02 6.631351417285117E-01 25.122797193 19.405235272 25.176999246 19.429140177 17.797 159.5890 18.5809 18.5760
2452924.2489328515 1.002925979973820E+00 3.059331943396234E-01 1.560809783817946E-01 9.526756186617816E-01 2.793228377872538E-01 1.210891676354919E-01 3.058434479414503E-03 -3.047026843727672E-03 -1.373301011483310E-03 1.302014468196791E+00 3.596525270043735E-01 2.754272271541947E+01 3.794959488126963E-01 9.745186921581113E+01 3.187486445065108E+02 2.811144118468790E+02 6.638524157494567E-01 27.897292920 31.605126969 27.918489174 31.651612048 17.043 153.2507 25.1229 25.1193
2452924.2502928516 1.002911021557243E+00 3.059506674007952E-01 1.560901423172168E-01 9.526682525543529E-01 2.793432962211046E-01 1.210979853426614E-01 3.058441051569472E-03 -3.047019288610531E-03 -1.373297976655615E-03 1.302014238606857E+00 3.596525220369499E-01 2.754272268393379E+01 3.794959259414962E-01 9.745189898167477E+01 3.187495257411426E+02 2.811156528843014E+02 6.638525913395174E-01 27.898214546 31.609026515 27.919834037 31.655048280 17.043 153.2478 25.1258 25.1222
2452924.2508328515 1.002905082052836E+00 3.059576052001112E-01 1.560937809214650E-01 9.526653273504901E-01 2.793514199043161E-01 1.211014864755794E-01 3.058443661099148E-03 -3.047016288779893E-03 -1.373296771648405E-03 1.302014147442152E+00 3.596525200628941E-01 2.754272267140768E+01 3.794959168420705E-01 9.745191080081737E+01 3.187498756429035E+02 2.811161456539856E+02 6.638526610621776E-01 27.898579962 31.610575071 27.920365342 31.656415996 17.043 153.2466 25.1269 25.1234
2452924.2513128514 1.002899802438412E+00 3.059637721066962E-01 1.560970152229079E-01 9.526627269689836E-01 2.793586411734282E-01 1.211045985812713E-01 3.058445980676152E-03 -3.047013622265850E-03 -1.373295700531623E-03 1.302014066404883E+00 3.596525183073667E-01 2.754272266026169E+01 3.794959087449837E-01 9.745192130689487E+01 3.187501866668422E+02 2.811165836741498E+02 6.638527230393968E-01 27.898904525 31.611951661 27.920836351 31.657633302 17.043 153.2456 25.1280 25.1244
2452927.7408928517 9.629877334681306E-01 3.502944926174794E-01 1.793533025193165E-01 9.315126453589064E-01 3.310493882527845E-01 1.434952772359621E-01 3.075254410320743E-03 -3.027602380613242E-03 -1.365496003984903E-03 1.301371850546402E+00 3.596177770397764E-01 2.754223125307703E+01 3.790929865390653E-01 9.753293384429112E+01 3.210081235921387E+02 2.843584331056528E+02 6.643441921075692E-01 31.435452395 44.182962450 31.492330733 44.201862576 16.736 142.7573 35.5257 35.5229
2452927.7438928518 9.629520983184299E-01 3.503321432668340E-01 1.793730600196075E-01 9.314928055773299E-01 3.310938494257848E-01 1.435143160144859E-01 3.075268813572432E-03 -3.027585670792482E-03 -1.365489287766944E-03 1.301371246381114E+00 3.596177259628738E-01 2.754223034963153E+01 3.790922013973699E-01 9.753300806095024E+01 3.210100616182473E+02 2.843612698802053E+02 6.643446547431334E-01 31.439224896 44.196757588 31.496430117 44.215618146 16.736 142.7451 35.5377 35.5350
2452927.7450128519 9.629387939421680E-01 3.503461992955633E-01 1.793804360433742E-01 9.314853954683804E-01 3.311104471198788E-01 1.435214237287281E-01 3.075274190766487E-03 -3.027579432449019E-03 -1.365486780373878E-03 1.301371020799502E+00 3.596177068833684E-01 2.754223001206605E+01 3.790919080056087E-01 9.753303577081934E+01 3.210107851465175E+02 2.843623289648934E+02 6.643448274808949E-01 31.440633258 44.201907195 31.497960380 44.220753789 16.736 142.7406 35.5422 35.5395
2452927.7484928519 9.628974533199830E-01 3.503898726306798E-01 1.794033540157350E-01 9.314623599605434E-01 3.311620143988142E-01 1.435435080713408E-01 3.075290898402649E-03 -3.027560048994325E-03 -1.365478989530242E-03 1.301370319793213E+00 3.596176475631719E-01 2.754222896223316E+01 3.790909954507884E-01 9.753312187735204E+01 3.210130332463540E+02 2.843656197682180E+02 6.643453642727182E-01 31.445009338 44.217905715 31.502714797 44.236711705 16.736 142.7264 35.5562 35.5535
2452927.7509028516 9.628688219514786E-01 3.504201170061312E-01 1.794192250292443E-01 9.314463972838394E-01 3.311977224490318E-01 1.435588018132371E-01 3.075302468857042E-03 -3.027546625365936E-03 -1.365473594132850E-03 1.301369834244523E+00 3.596176064490049E-01 2.754222823433410E+01 3.790903626419259E-01 9.753318151571706E+01 3.210145901151978E+02 2.843678988118342E+02 6.643457360794595E-01 31.448040176 44.228983316 31.506007306 44.247763642 16.735 142.7167 35.5659 35.5631
2452928.7480028518 9.508964742388587E-01 3.628858811738484E-01 1.859612761234505E-01 9.247827864047815E-01 3.457347388654856E-01 1.498574519706868E-01 3.080085115701599E-03 -3.021990750550043E-03 -1.363240321357053E-03 1.301162910195216E+00 3.595981229906549E-01 2.754186183891034E+01 3.787634911831947E-01 9.755837617783590E+01 3.216583576646063E+02 2.853155776480764E+02 6.645042188190819E-01 33.287774208 49.126540337 33.338593039 49.140631980 16.687 138.2415 39.9953 39.9929
2452928.7499828516 9.508724485343291E-01 3.629105395221136E-01 1.859742178992415E-01 9.247692451508081E-01 3.457639757774547E-01 1.498699307630288E-01 3.080094604062742E-03 -3.021979713852711E-03 -1.363235884616752E-03 1.301162486681285E+00 3.595980790846215E-01 2.754186097204398E+01 3.787627002350470E-01 9.755842728133138E+01 3.216596352745716E+02 2.853174689684174E+02 6.645045432522175E-01 33.291310541 49.137138889 33.342450876 49.151163925 16.687 138.2319 40.0049 40.0025
2452928.7582128518 9.507725734076294E-01 3.630130294462517E-01 1.860280091217710E-01 9.247128883420663E-01 3.458854927330580E-01 1.499217978407777E-01 3.080134042689487E-03 -3.021933838917434E-03 -1.363217442927424E-03 1.301160725753204E+00 3.595978963502127E-01 2.754185736251952E+01 3.787594060202736E-01 9.755863974366888E+01 3.216649457114685E+02 2.853253307693579E+02 6.645058922152044E-01 33.305981661 49.181176183 33.358443412 49.194943258 16.686 138.1917 40.0447 40.0423
2452929.0939328517 9.466837412450303E-01 3.671881099213528E-01 1.882193349925441E-01 9.224024255381361E-01 3.507636963369200E-01 1.520365470753331E-01 3.081742317858477E-03 -3.020062261571794E-03 -1.362465049216145E-03 1.301088103765292E+00 3.595901101005740E-01 2.754170121871875E+01 3.786157053738186E-01 9.756737225357787E+01 3.218815230031852E+02 2.856465842481296E+02 6.645615284309057E-01 34.066274324 50.984135447 34.122218614 50.997589404 16.676 136.5138 41.7059 41.7036
2452929.0952728516 9.466673634595882E-01 3.672047519571981E-01 1.882280699376432E-01 9.223930862325810E-01 3.507834201482747E-01 1.520449715857566E-01 3.081748735151931E-03 -3.020054790393258E-03 -1.362462045641963E-03 1.301087810754118E+00 3.595900776923279E-01 2.754170055990355E+01 3.786150942770592E-01 9.756740736853101E+01 3.218823872664132E+02 2.856478686707691E+02 6.645617529245520E-01 34.068991972 50.991600998 34.125143401 51.005022640 16.676 136.5069 41.7128 41.7104
2452929.0964628519 9.466528186208331E-01 3.672195309318825E-01 1.882358270149328E-01 9.223847899057814E-01 3.508009354746988E-01 1.520524529887202E-01 3.081754434079756E-03 -3.020048155532759E-03 -1.362459378285043E-03 1.301087550521266E+00 3.595900489027858E-01 2.754169997459407E+01 3.786145513293689E-01 9.756743855446635E+01 3.218831547827425E+02 2.856490093295769E+02 6.645619523048427E-01 34.071405030 50.998230120 34.127740133 51.011623659 16.676 136.5008 41.7188 41.7164
2452929.0976528516 9.466382734268594E-01 3.672343097590929E-01 1.882435840162769E-01 9.223764912679118E-01 3.508184502145723E-01 1.520599343255106E-01 3.081760132992753E-03 -3.020041520669058E-03 -1.362456710926321E-03 1.301087290268427E+00 3.595900201047164E-01 2.754169938905709E+01 3.786140081399595E-01 9.756746974203604E+01 3.218839222975737E+02 2.856501500015211E+02 6.645621517005459E-01 34.073817762 51.004858540 34.130336284 51.018224534 16.676 136.4947 41.7249 41.7225
2452929.0988428518 9.466237278662847E-01 3.672490884503845E-01 1.882513409477405E-01 9.223681903157739E-01 3.508359643671666E-01 1.520674156019768E-01 3.081765831895380E-03 -3.020034885796966E-03 -1.362454043563713E-03 1.301087029995395E+00 3.595899912980952E-01 2.754169880329209E+01 3.786134647083316E-01 9.756750093126466E+01 3.218846898115073E+02 2.856512906874946E+02 6.645623511118193E-01 34.076230195 51.011486259 34.132931890 51.024825261 16.676 136.4886 41.7309 41.7285
2452929.1000628518 9.466088152391969E-01 3.672642395635995E-01 1.882592933548161E-01 9.223596777020439E-01 3.508539194175820E-01 1.520750854148594E-01 3.081771674453581E-03 -3.020028083654526E-03 -1.362451308954260E-03 1.301086763140051E+00 3.595899617563933E-01 2.754169820252351E+01 3.786129073255595E-01 9.756753290847955E+01 3.218854766731314E+02 2.856524601441257E+02 6.645625555663138E-01 34.078703162 51.018280325 34.135592397 51.031592225 16.676 136.4823 41.7371 41.7347
2452930.0193528519 9.352639713564836E-01 3.786378622761112E-01 1.942294284315671E-01 9.158774864805762E-01 3.641240313834987E-01 1.578350605040095E-01 3.086170377789839E-03 -3.014900830060669E-03 -1.360389888615297E-03 1.300879379031125E+00 3.595649722959071E-01 2.754117397290308E+01 3.781153288170474E-01 9.759213216454279E+01 3.224780161753204E+02 2.865377314964625E+02 6.647214771484030E-01 36.810272408 56.357561528 36.854582577 56.371901070 16.669 131.4080 46.7615 46.7594
2452930.0226328517 9.352231069705347E-01 3.786782869616999E-01 1.942506492978849E-01 9.158541150328091E-01 3.641719827279050E-01 1.578555417873650E-01 3.086186058803500E-03 -3.014882530006724E-03 -1.360382530506945E-03 1.300878615450627E+00 3.595648726972158E-01 2.754117183519701E+01 3.781132577056563E-01 9.759222177147157E+01 3.224801289479009E+02 2.865409046963131E+02 6.647220624087319E-01 36.820822752 56.378305697 36.865807799 56.392421894 16.669 131.3883 46.7810 46.7790
2452930.0242628520 9.352027983424462E-01 3.786983756385721E-01 1.942611948168129E-01 9.158424940424401E-01 3.641958130471402E-01 1.578657197998038E-01 3.086193851466513E-03 -3.014873435756765E-03 -1.360378873878232E-03 1.300878235922819E+00 3.595648231720056E-01 2.754117077212717E+01 3.781122276352976E-01 9.759226630668729E+01 3.224811788892431E+02 2.865424816608930E+02 6.647223533051262E-01 36.826061568 56.388613603 36.871380081 56.402621605 16.669 131.3785 46.7907 46.7887
2452930.0258928519 9.351824890295903E-01 3.787184640429659E-01 1.942717401953419E-01 9.158308687075067E-01 3.642196438821525E-01 1.578758976917665E-01 3.086201644108192E-03 -3.014864341493411E-03 -1.360375217243185E-03 1.300877856351646E+00 3.595647736272090E-01 2.754116970857025E+01 3.781111970147730E-01 9.759231084516541E+01 3.224822288277492E+02 2.865440586506968E+02 6.647226442349710E-01 36.831297675 56.398920847 36.876948417 56.412822477 16.669 131.3687 46.8005 46.7984
2452930.0275228517 9.351621790435684E-01 3.787385521633814E-01 1.942822854274346E-01 9.158192390266640E-01 3.642434751821335E-01 1.578860754574325E-01 3.086209436724086E-03 -3.014855247221860E-03 -1.360371560603893E-03 1.300877476736990E+00 3.595647240628045E-01 2.754116864452585E+01 3.781101658436123E-01 9.759235538691887E+01 3.224832787637188E+02 2.865456356661755E+02 6.647229351983568E-01 36.836531125 56.409227392 36.882512885 56.423024444 16.669 131.3589 46.8102 46.8081
2452930.9936528518 9.230045227525807E-01 3.905954138049728E-01 2.005069848797860E-01 9.087538760191080E-01 3.781014080149378E-01 1.638964282984443E-01 3.090824118939920E-03 -3.009463015015754E-03 -1.358203277297977E-03 1.300644468444107E+00 3.595316389214979E-01 2.754045005683219E+01 3.773973038465956E-01 9.761933399828750E+01 3.231051338233473E+02 2.874848985908805E+02 6.649015692103541E-01 41.229455506 62.629474925 41.267866559 62.643463999 16.702 125.2677 52.8432 52.8415
2452930.9969228520 9.229629678087118E-01 3.906353737694778E-01 2.005279648679791E-01 9.087298076131212E-01 3.781488289006998E-01 1.639166947610800E-01 3.090839723945687E-03 -3.009444757854871E-03 -1.358195935308306E-03 1.300643651505402E+00 3.595315134657394E-01 2.754044732209774E+01 3.773945325329816E-01 9.761942725992793E+01 3.231072369739695E+02 2.874880931221155E+02 6.649021956508611E-01 41.247352878 62.652235478 41.286583970 62.665899096 16.702 125.2452 52.8655 52.8637
2452930.9985528518 9.229422528492189E-01 3.906552922169794E-01 2.005384225585576E-01 9.087178039479321E-01 3.781724684298832E-01 1.639267968130369E-01 3.090847502554040E-03 -3.009435657172572E-03 -1.358192275531111E-03 1.300643244211229E+00 3.595314508934102E-01 2.754044595814626E+01 3.773931501828539E-01 9.761947375297775E+01 3.231082853291619E+02 2.874896855420837E+02 6.649025079703370E-01 41.256271886 62.663580032 41.295910587 62.677084918 16.702 125.2340 52.8766 52.8748
2452931.8870728519 9.115490855161175E-01 4.014689353903957E-01 2.062162268293712E-01 9.019879027890064E-01 3.908683282725431E-01 1.694137158238324E-01 3.095084164840042E-03 -3.004473244519111E-03 -1.356196537131714E-03 1.300413691264521E+00 3.594935342906803E-01 2.753962791174016E+01 3.765465553016390E-01 9.764528087948042E+01 3.236793378058115E+02 2.883616333115077E+02 6.650785716335743E-01 47.935006094 68.798369263 48.028228619 68.800091987 16.777 118.9835 59.0692 59.0676
2452932.0880428520 9.089440428470985E-01 4.039024359967767E-01 2.074940587987736E-01 9.004485051938773E-01 3.937002293369393E-01 1.706496345114454E-01 3.096041469981969E-03 -3.003350380911498E-03 -1.355744915986893E-03 1.300359628022858E+00 3.594838333105674E-01 2.753942306477713E+01 3.763294170357869E-01 9.765123907465215E+01 3.238083883022580E+02 2.885599497865271E+02 6.651200486332729E-01 50.198020982 70.183825602 50.263385713 70.187019163 16.801 117.4909 60.5478 60.5463
2452932.0900928518 9.089174166343196E-01 4.039272350498200E-01 2.075070809761343E-01 9.004325389480655E-01 3.937297209083639E-01 1.706622282030785E-01 3.096051233168093E-03 -3.003338926276515E-03 -1.355740308805870E-03 1.300359072401816E+00 3.594837320897248E-01 2.753942093988546E+01 3.763271544210268E-01 9.765130006343689E+01 3.238097044742667E+02 2.885619748256550E+02 6.651204749248357E-01 50.220420171 70.198392262 50.286444949 70.201467932 16.801 117.4755 60.5630 60.5615
2452932.0920728520 9.088916985833365E-01 4.039511868474099E-01 2.075196582565716E-01 9.004171114035099E-01 3.937582037047890E-01 1.706743916660963E-01 3.096060662942754E-03 -3.003327862758580E-03 -1.355735858935081E-03 1.300358535673461E+00 3.594836342813256E-01 2.753941888688438E+01 3.763249681588143E-01 9.765135897367134E+01 3.238109756999513E+02 2.885639307578378E+02 6.651208867217123E-01 50.242073371 70.212454890 50.308736722 70.215418826 16.801 117.4607 60.5777 60.5762
2452932.0940628522 9.088658496342562E-01 4.039752591532883E-01 2.075322988204031E-01 9.004015995392871E-01 3.937868285501020E-01 1.706866163593541E-01 3.096070140305995E-03 -3.003316743350569E-03 -1.355731386583319E-03 1.300357996155550E+00 3.594835359355160E-01 2.753941682285543E+01 3.763227699572082E-01 9.765141818536797E+01 3.238122533418061E+02 2.885658966082814E+02 6.651213006592622E-01 50.263854856 70.226581905 50.331161057 70.229435638 16.802 117.4458 60.5924 60.5910
2452932.7755728522 8.999536322009418E-01 4.121920803661510E-01 2.118472240170442E-01 8.950647617289239E-01 4.034173465706425E-01 1.748596583513001E-01 3.099313780644569E-03 -2.999507777491797E-03 -1.354199297522692E-03 1.300168570737335E+00 3.594472191830119E-01 2.753867372717426E+01 3.755189692992596E-01 9.767191097258137E+01 3.242495759367956E+02 2.892415220573179E+02 6.652666611981896E-01 60.853590529 74.807320098 60.918849655 74.804985503 16.904 112.2351 65.7546 65.7534
2452932.7779428521 8.999224312043990E-01 4.122205594730464E-01 2.118621800491327E-01 8.950458282591043E-01 4.034512536619244E-01 1.748741339061591E-01 3.099325053519069E-03 -2.999494528303636E-03 -1.354193967994569E-03 1.300167895829003E+00 3.594470834790497E-01 2.753867102737134E+01 3.755160049552222E-01 9.767198291670357E+01 3.242510959928385E+02 2.892438799761171E+02 6.652671792013707E-01 60.899679380 74.822963895 60.965985046 74.820439362 16.904 112.2166 65.7730 65.7718
2452932.7807128523 8.998859623847235E-01 4.122538443360078E-01 2.118796598688621E-01 8.950236875909766E-01 4.034908796227648E-01 1.748910522259730E-01 3.099338228927192E-03 -2.999479042935733E-03 -1.354187738953601E-03 1.300167106871062E+00 3.594469247869856E-01 2.753866787099208E+01 3.755125389018419E-01 9.767206700860285E+01 3.242528725918917E+02 2.892466359301084E+02 6.652677847403446E-01 60.953630909 74.841227803 61.021165061 74.838485521 16.905 112.1949 65.7944 65.7932
2452932.7826728518 8.998601565427460E-01 4.122773955274869E-01 2.118920279749265E-01 8.950080136988325E-01 4.035189156062078E-01 1.749030230712070E-01 3.099347551557618E-03 -2.999468085762033E-03 -1.354183331392302E-03 1.300166548527533E+00 3.594468124444659E-01 2.753866563700388E+01 3.755100854783796E-01 9.767212651389160E+01 3.242541296755048E+02 2.892485860393198E+02 6.652682132792914E-01 60.991861140 74.854137737 61.060267968 74.851244126 16.905 112.1796 65.8096 65.8084
2452932.7846728521 8.998338230357924E-01 4.123014268821217E-01 2.119046482461448E-01 8.949920134894201E-01 4.035475214515373E-01 1.749152380135221E-01 3.099357064410292E-03 -2.999456904957657E-03 -1.354178833873436E-03 1.300165978710557E+00 3.594466977621806E-01 2.753866335691623E+01 3.755075812073551E-01 9.767218723654607E+01 3.242554124108167E+02 2.892505759888404E+02 6.652686506247952E-01 61.030919070 74.867299716 61.100219278 74.864254018 16.905 112.1640 65.8251 65.8239
2452932.7865928519 8.998085418982368E-01 4.123244965383004E-01 2.119167634764693E-01 8.949766471846099E-01 4.035749808200542E-01 1.749269641653450E-01 3.099366196717346E-03 -2.999446171368678E-03 -1.354174516247296E-03 1.300165431611873E+00 3.594465876225342E-01 2.753866116755155E+01 3.755051763702651E-01 9.767224553307504E+01 3.242566438329442E+02 2.892524863791205E+02 6.652690705340226E-01 61.068460147 74.879924286 61.138620726 74.876734788 16.906 112.1490 65.8399 65.8387
2452932.7894628518 8.997707501028018E-01 4.123589800458989E-01 2.119348727959750E-01 8.949536666662432E-01 4.036160226133540E-01 1.749444919617580E-01 3.099379847552048E-03 -2.999430126863634E-03 -1.354168062283051E-03 1.300164613677047E+00 3.594464229050491E-01 2.753865789402908E+01 3.755015802929113E-01 9.767233267935791E+01 3.242584845465393E+02 2.892553420868290E+02 6.652696983162524E-01 61.124659951 74.898775263 61.196111536 74.895374811 16.906 112.1266 65.8621 65.8609
2452932.7919128519 8.997384871404331E-01 4.123884164099061E-01 2.119503315689687E-01 8.949340386804236E-01 4.036510541391863E-01 1.749594543772205E-01 3.099391500646244E-03 -2.999416430309184E-03 -1.354162552788803E-03 1.300163915310901E+00 3.594462822151422E-01 2.753865509872734E+01 3.754985091951447E-01 9.767240707736170E+01 3.242600558815835E+02 2.892577799542768E+02 6.652702343277800E-01 61.172715478 74.914848324 61.245273769 74.911271556 16.906 112.1075 65.8811 65.8799
